-0.9967320261437842
-1.6193656093489248
2.131287297527689
1.1637572734829424
23.166666666666654
-3.4618539786710394
5.13259195893925
2.961082910321492
4.152542372881342
0.08382229673094382
-1.141746179955249e-14
1.3413585554600103
-43.31730769230769
0.7306711979609192
2.250639386189248
0.4774083546462133
3.934142114384767
-2.109634551495027
-1.66805671392828
-1.414309484193001
14.905177396713567
3.3754581760490203
15.462119958064344
11.917679572835306
23.900350760902583
11.326382039359348
14.124764721699387
9.843967898960672
30.168002210555418
-10.608631951651311
6.665409787497656
14.533183352081004
-47.37791825874728
-12.289729282909693
17.494924775438708
20.28779304769604
-50.00561361600477
-20.242878682912906
-60.13788376319062
33.879554464791404
3.840678894059682
8.590550483113196
0.9312942250627837
2.32753504086198
4.027614953757974
-18.517587939698497
-1.0817307692307738
1.7015431109483063
3.3277900130342952
-0.569028234886542
-3.3760813806894663
10.734915378955105
-0.35254968972031103
1.5394380501015354
9.145824791581244
1.154120585087418
9.8212321232123
-1.6163956337714451
7.3589548566059815
5.250305250305253
-6.626016260162613
8.763056624518958
6.977272727272734
7.552054023635351
2.312925170068028
-24.296106118955933
-61.40978659193792
12.536973833902163
9.43653955606149
2.435381964388267
-4.1909547738693425
5.922222222222227
-5.538150581101575
4.024802705749727
-1.0026954177897642
0.8366308648954324
2.7664399092970484
2.257336343115118
0.8250825082508302
-3.601078167115894
-1.2597200622083782
1.1892752853729789
20.90425531914894
1.7850541325587455
19.809372517871317
1.5298507462686735
3.487695157449048
-5.799900941059934
3.688283960501735
0.14210526315790672
5.306012402264747
4.0609951845907055
5.72361262241567
2.2258064516129163
2.2332896461336778
3.8689547581903114
3.001054852320665
-9.838411819021248
-6.871670702179175
2.6011872638963833
197.66624787850736
-4.693873392962663
24.7316374848585
-16.39410347949371
-4.252645056944533
52.985037612631224
13.781191764010709
12.230755248568578
0.10214777973546
27.33792858884283
51.69345372460498
16.133156129358895
173.90075824674346
22.32651156589562
43.27009733237199
-14.387899349731411
207.7803348224358
9.224040759276782
-22.03695303017301
22.773959981790217
493.92458791427975
1098.301458061528
54.079274204516025
1579.911322936565
1131.95625280536
-24.215554717209397
1168.641100317544
1093.6689955027466
689.1993941170032
-20.412794355048078
276.7502283809276
-67.2813157877276
-80.50787033185524
1484.5310638194653
927.3907103825138
1180.0397176399324
258.8205309456487
399.5873980575227
508.4476020345548
25.321497057462146
-9.052609468654119
164.0289007397213
1972.6352385984083
-79.12413695559793
94.59787264183642
11.544003532056086
1426.711693221712
-10.047074207257257
-1.107749870636489
14.20077552778973
-10.776709684177963
113.7701403658018
1994.1433010440803
2562.5182823255964
559.0452204750326
4028.225933420331
761.0762819552418
4.297346483136425
392.961286149866
140.98134002484716
4.017644327503482
6.621639875726082
2.168091080188812
6.252187777529648
-5.077150786308958
1.6273482649745703
4.545778816279896
14.582433330564088
-4.824521204483398
-3.752277028494433
5.5695401344733195
-60.80021872068071
1.7673595306731547
4.8542755160105475
-29.04823951734365
3.5523733115353138
-22.281471613838505
-0.522004058928898
10.445261204310702
-6.941642965774225
