3.7311895539340063
-3.0256282407741018
5.851498299710349
-0.6070526656437027
-0.4248313679628816
1.805390592474169
3.7503593001201505
-0.2813509585090722
0.627222802095108
-1.2128060659599749
-7.240890977799521
-3.069878628382246
-40.83081270719414
-0.902776322742864
6.874735836342492
-2.4976078658550485
5.85336715178251
-11.013057546245266
-1.5443667951361344
0.7657638317456408
20.632844147400156
9.109058164941638
-3.2884806419080044
13.920805572886863
19.26436436650478
-27.147534790903027
19.70666653471746
20.46464701949647
16.61856794078197
-8.771933293959716
41.35027873754945
33.35089895999685
-53.63555289586623
-5.364543963262468
10.754983127786739
19.46995443423816
-49.510932968556226
-18.821904885524194
-65.43744001825324
10.32851476428106
1.173356640336048
4.753960202874966
7.403299001438668
5.198085350989607
-0.8034809038338496
-17.82818170758543
4.621139587410158
4.990302101207668
2.782779001910452
-2.758772439283529
1.3213011544005853
8.119300901883285
4.466695304590678
-1.2501030875790753
3.528029708182698
2.9176272624794555
8.093761019241052
5.924104914634483
3.169135560445447
1.0033540777151793
-0.45134849053771353
-0.6521638578431324
4.63554750664998
6.389494910149823
6.7840387628674295
-22.294849613396384
-60.615491742637516
6.583161388351044
6.371285412918162
-3.3815287025496854
-9.398330515575475
1.6537774686336377
-7.869795837667079
4.28568562281605
0.5853893451784062
1.1205437690184596
5.805578016678524
-0.050981206390585405
-1.9360683216262922
-1.4782951285172787
1.8623691190388723
10.711101171594605
-7.895520705383323
-2.529385600130353
3.116142053311035
2.9896518324718793
4.262038683539423
-6.8462219425693
3.466607159703641
6.435809225999302
4.20779771701703
1.3840397723618443
-1.0028504672900755
-0.3095124639534082
-0.6203630266300806
0.118989582065929
6.726262777487929
-5.533950031592705
-7.195878956075299
7.773430697338157
71.95426974584946
2.235482768776571
78.1552530485296
30.65962539933875
16.753457469759855
52.6371443444686
14.246103388286516
49.84384526142415
69.9289292214549
12.91316280868546
28.532204828868206
-22.232944789915678
30.237802350236752
-48.58784610926888
86.97548024403716
-59.43463198668182
79.28881759552931
41.3479840566758
30.603689751137836
27.076698007180077
1029.0321554304503
940.6434829742208
-60.07089440521604
820.4999605867014
1384.791064103093
137.0412408372657
1094.7357987126727
922.6831594225821
541.841965246455
6.025910134402702
296.94819732306274
-44.93142221452446
4.661546133077666
1080.1462697995166
1251.055160223404
1430.448522080448
822.7363912142374
727.2714434228272
316.9004754684771
691.2235388075766
-787.1042449796446
903.5422235006741
1014.7703645011167
-130.77364446731573
1014.7634654672652
-1549.6681530486678
428.75942376165426
-382.7887536961146
330.5097291866574
-31.33788773873244
374.6740992019348
657.9184616451619
1230.6315221681957
1440.6890306906553
-150.5882139439343
-86.17815001130145
562.8570213130985
421.56933952475083
1021.2912545626748
1304.474592171925
12.462543733685024
-1.567163028788587
11.075831836595249
7.8601027741108025
-5.6318733727348285
13.82492255292909
10.7917347207906
8.208497439383367
1.2107761645550512
5.635450957552982
5.692111300257897
-57.53130706747726
-3.553936228684947
16.234426211282287
-35.739170232589615
6.122051730151944
-23.422723969658207
-6.8109903133575855
6.265637011156127
-6.874737840882293
