-1027588388070.5015
-1989025985408.671
-271090270516.68542
-327370861629.78613
-848355614009.8876
-51933094906.40099
-292642794270.31573
-340828184523.723
-305744257724.9057
-210761696324.53552
-1766769146592.4885
-2137240466187.4924
-30049369306.623417
-157171738938.44684
-1485559550725.9275
-1981636290021.399
-1481604556881.3574
-2274707843464.8774
-52277425397.21715
-1689414090754.5154
-71534929115.50426
-19257144327.651955
-32968513372.485798
-30872858648.129974
-32575805267.157642
-51977171006.591484
-46578347897.87155
-67245343403.49638
-40712329806.874886
-50637105992.38149
-56039918255.98515
-71665744961.7123
-23694253551.691563
-35075576460.92928
-34419842633.20543
-66668513930.94301
-13453872708.116928
-18087036421.092815
-18915988495.8873
-39923904768.93271
-116326283218.3923
-4286934513.255665
-3006365210.787917
-13917079198.213158
-7486583936.959953
-21613976642.81377
-35865904430.67284
-2986966889.6784563
-76166609083.41635
-68202252086.27435
-2863475504.3638716
-11593001338.440857
-2937351054.081186
-2742204397.7177224
-7275046927.049483
-56270597392.277885
-10214622319.136576
-19273081003.55495
-2878230921.515006
-95020632555.91368
-31720389112.40544
-140451448540.79337
-1426597468084.409
-461796782009.08813
-616252803608.4171
-221536845050.7279
-12516896118.879751
-145520180512.19714
-591554400510.5565
-36183582220.539635
-448285302781.2056
-507370222538.4673
-31472446990.539627
-1119622091805.7476
-951209889504.3804
-418136965722.51044
-35635728389.10597
-764075776055.99
-34424666603.802444
-677101272226.5842
-150563644970.97137
-673166749503.5283
-698375248762.831
-46798516549.07114
-691304758891.0145
-143538321257.1906
-16798514488.403643
-523892617946.6314
-207939513140.83142
-185250921867.39737
-15823588828.82602
-248468750971.03033
-97312378023.00722
-33532188923.68165
-16492871060.533356
-16435399906.323164
-1154243724.4135013
-13436459549.579071
-63741827633.201935
-536079565355.52484
-52563437144.722336
-65161876990.27245
-44515655702.599686
-48306877523.576
-10338542861.185764
-29681835343.97074
-17553175498.09714
-16409153976.240536
-12099284652.052319
-33457465974.363945
-19015658428.186016
-76548349154.36038
-47957912034.3631
-79682776791.91502
-40311572744.4112
-1451999125.2189949
-52834461621.4626
-4196747989.84651
-21688490896.18333
-45148371395.76036
-9773125984.466158
-4932713387.06841
-556463112.0940728
-6286653992.638545
-3123717638.502377
-58985856.32515067
-3186460089.948781
-5464242412.887861
-257494682.863663
-711442376.3091583
-600124958.8654398
-145737038.5111641
-98723077.61430338
-6394372490.574944
-330002749.443896
-8739814634.546072
-9472814726.455297
-8144819302.464585
-1035716737.069167
-789947832.5163871
-5178605231.398993
-8061406257.632507
-2256216586.320901
-353969867.1747932
-3261235849.953031
-6169110206.100884
-8266238573.143019
-5383991779.580622
-6719392947.474253
-6416463177.743923
-5326205594.668997
-6883100716.018818
-8839004125.308578
-2819671288.1394715
-5602916978.79036
-3408595702.159211
-7497120466.482386
-5555334155.108319
-8638401272.653645
-4789362077.4267025
-6277112320.062962
-20039351996.20855
-7308193284.546176
-14336762399.134832
-17646704089.49914
-6895241020.930203
-7525168065.30119
-16833529094.449377
-4589227622.6489
-7406806520.206118
-18678721333.657986
-1818742618.4947257
-5469803800.92827
-11485055394.20232
-5459890543.553058
-19019715159.088448
-6010850768.147246
-6292827059.043941
-3037511388.9608903
-3876171932.747189
