-1.9599673202614618
-0.5984974958264226
7.2924126172208
-0.9567747298420528
0.8474999999999384
16.845775225594846
18.20530367835761
1.2131979695431245
0.9474576271186199
0.4794635373008942
0.5037910699241872
2.2192605331040016
-40.86586538461533
17.005947323704348
1.6820119352088339
1.0588235294117294
3.2045060658578657
-1.1843853820598649
-0.8131776480399626
-0.9317803660565634
17.60815832209413
21.999589693090403
13.720051867792316
14.560116987308508
11.414367387521828
15.242308956836245
11.433853186340496
17.185922904880897
9.357640232108281
-13.328225790041307
20.287699641789516
29.561579192844796
-48.66547302298596
-12.739615623062598
22.89140409911292
11.142737806521119
-47.668498059122136
-16.450303598353575
-52.880710619440855
7.568165268750519
3.2194087051738722
-0.21124013828560406
1.600913033553967
1.7213167146053507
-3.6671442837913895
-18.383022254127805
3.3251424501425064
4.960208800769254
1.6137354487842446
-1.7589208383856143
-2.4368560622527196
5.455435982339996
5.809785052612628
-1.5502285037237702
2.961095166507262
4.05645736710669
13.003208654198747
-0.17781243038537003
-0.3694689275647489
2.0261836928503683
1.6656504065040538
4.329301814183581
7.693181818181809
2.854248733821021
6.798185941043101
-21.89473684210522
-59.728820866566046
9.828782707622288
5.326693227091613
15.630097645031519
-10.350753768844184
-0.41055555555549955
-6.448206164729631
6.701240135287496
0.054986522911040274
0.651215375918647
5.337868480725635
14.681151241535066
1.135863586358659
-3.0625336927224023
2.121047174701971
2.3036899389435073
8.082180851063894
-0.12780565091091942
8.327773365104548
4.914712153518093
2.1346917173855235
11.422981674095995
3.421670669869197
1.1592105263157955
5.755998921542192
5.285981808453748
4.726605005440778
3.5693548387097005
3.452686762778602
1.8980759230369955
2.1297468354429903
-2.8506463527239494
-2.6830508474576202
2.9395574743659245
9.081994313297571
-7.123734235243852
32.77951767426489
-9.171924909895296
10.176325897971557
47.78089608993961
30.313258488250572
35.81666363718983
60.02464482458688
54.725104723065684
25.198374717833016
6.863974853912225
20.97418504676936
19.145656956203023
22.488306596971885
6.004435255866532
24.132327061053196
127.84377113485732
58.66237141841272
12.254503674478052
415.78541862802956
447.02507755768363
139.37121093138774
338.9723938334938
570.2199694192952
-45.30052640710831
964.9627365137826
672.9652400471296
486.8548881976396
142.01591747976667
219.4976687349476
215.46765317255
-44.69426585536666
1197.216050524376
320.09925774134814
1289.2511056578692
600.9301248821869
316.2221956758666
278.0149509770498
206.60141506314895
321.33299575653496
1434.3988974788886
1272.2127662908679
95.28936492291932
23.140840273319387
281.50632826715196
429.14685930326755
904.8070787336235
198.31428798880935
1030.110039454892
64.29443383002173
55.108949383241104
1979.610534444911
416.0271388979945
342.34362039858536
280.55281677118705
1168.9488022506698
103.60093432811559
1068.3504204009978
1895.00898249628
13.637842439250903
16.68290921559864
7.450546625117008
6.832555168348595
-1.5298797409805867
12.78972603787832
5.440284117637927
15.453793511672377
1.1985975062534304
7.071526395801817
6.590136548518363
-53.51483937208279
2.8204116724826678
13.349262842067233
-36.33797262277524
6.388257317731595
-22.40334208361086
-0.2860999052255436
17.52005884829924
-7.912498908763436
