51.552287581697854
54.84140233722719
58.14151747655427
54.19783873649058
54.583333333331794
52.17391304347676
58.682634730537366
56.93739424703737
57.20338983050692
55.49036043587441
56.27632687447191
59.50128976784021
-10.81730769230857
57.604078164824266
58.14151747655427
58.14151747655427
60.74523396880257
54.06976744185894
54.71226021684584
54.32612312811828
71.17062563650887
70.10777394824672
71.57203553495567
66.86253991252794
71.75684259949743
46.04292893710965
67.2169938155419
63.63110117089865
71.83752417794982
26.54498097389259
67.49171806404706
70.61647781832158
-37.79582691499787
28.514155817317686
72.94140548958546
67.57747237941265
-25.72349955210506
26.712579974734158
-50.43517072082122
67.71757598640748
24.687471484624357
21.128446059746324
24.76146998402174
24.772862165000063
18.661803655941828
-1.9059583632449177
21.65687321937306
25.138513668208095
22.832486853341553
18.34834574744485
18.806242664000198
25.685246504782768
22.893245795485036
15.644041976980205
24.500022778005388
21.87388512308226
25.2704437110376
21.759857429271396
22.27193414164899
23.58793469904566
13.236788617884477
22.512369433752973
26.619318181816286
25.407990996058892
26.332199546483366
-4.642704321781483
-51.96162966156571
26.763367463024274
26.83551508252514
28.001148765075623
11.984924623113894
23.805555555553692
12.607377463363642
25.620067643741066
20.134770889486063
25.97512719050123
26.332199546483366
25.761851015799476
22.57975797579574
20.134770889486063
45.632452047691984
49.15051765330388
49.428191489360565
48.3628201742793
48.75562615832557
49.74680170575577
48.676898650435476
39.14066369489739
49.946623965838185
47.855263157893596
51.48287948233909
50.30765115034663
52.84276387377468
51.034946236557985
47.27391874180752
46.08684347373782
48.167194092825866
29.69759926131017
36.04116222760186
51.60550458715479
364.5374594987768
329.40445386198326
364.1691443673605
260.00204977537885
255.0710964350698
335.5542696536332
378.9691377664652
378.8603108243207
370.0492896491737
367.1114164764291
375.7471783295712
344.604771849883
355.28504460910335
368.3154456369577
374.8467916366259
272.4130619168788
375.5110328956275
375.1251183552009
158.39657687922224
356.8839558629063
321.1386090349457
197.469570808731
-62.56476298688148
310.1065054696415
378.36198863490677
2.867689166958694
392.89789392650573
322.26189993701985
356.35206153121385
-22.051643026874437
412.15839710983937
-38.18312203636929
-63.63335627692342
292.4612517711551
488.54658264115426
356.7807256677679
418.943804214594
254.63058410403545
257.0495937784026
329.8137514573324
224.89852905841192
243.42970239158785
192.09654520479404
-79.22623342747724
293.2588498450387
333.8863492239727
261.81786713885725
227.3652030808852
272.578728394802
339.84817482971755
224.63539738051276
272.5077497727539
306.09902994582666
288.5339490379732
181.22972149906366
244.24286266022466
268.33408727670303
305.40415103278366
383.8962053610139
299.38230812674226
65.5246865810246
66.68736167250283
64.9833389898491
66.6276285789963
48.39801110083255
63.65117904197418
65.85754829637978
66.58869527290851
53.155610929713006
42.20026327103176
66.45041296588361
-36.89426467956044
62.259899863450165
65.96994464849205
-6.894075039249202
61.889011671031305
4.754045370841975
59.19957723625645
66.79048029985599
47.414113938881556
