latency
0.0000320
0.0000319
0.0000316
0.0000338
0.0000333
0.0000305
0.0000312
0.0000353
0.0002045
0.0000304
0.0000321
0.0000351
0.0000305
0.0000348
0.0000322
0.0000331
0.0000315
0.0000308
0.0000301
0.0001121
0.0000314
0.0000310
0.0000310
0.0000314
0.0000325
0.0000308
0.000032
0.0000312
0.0000314
0.0000322
0.0000298
0.0000302
0.0000313
0.0000325
0.0000320
0.0000315
0.0000314
0.0000306
0.0000312
0.0000327
0.0000307
0.0000316
0.0000313
0.0000301
0.0000315
0.0000302
0.0000343
0.0000315
0.0000316
1.8178558
0.0338114
0.0077682
0.0077793
0.0158214
0.0167439
0.0092907
0.0217877
0.0080226
0.0283558
0.0079275
0.0168821
0.0078835
0.0081041
0.0103219
0.0168493
0.0052132
0.0177257
0.2176728
0.0095150
0.0175913
0.0247354
0.0075740
0.1147415
0.0400860
0.0136562
0.0103534
0.0233970
0.007027
0.0102497
0.0128653
0.0128441
0.007952
0.0148033
0.0330707
0.0277272
0.0161712
0.0056554
0.0090072
0.0141915
0.1947406
0.0219107
0.0108433
0.012560
0.0074439
0.00680
0.0149062
0.0183004
0.0131066
0.2412966
0.0193946
0.0040300
0.0041848
0.0261947
0.005655
0.0037218
0.0041185
0.0038510
0.0037391
0.0048583
0.0042918
0.003739
0.0041030
0.0096683
0.005222
0.0050600
0.0038905
0.0048570
0.0041497
0.0134666
0.0042794
0.0039055
0.0036097
0.0038657
0.0037014
0.0039565
0.0035764
0.0044391
0.0039592
0.0042822
0.0044539
0.0048675
0.0043227
0.0039544
0.0044009
0.0039577
0.0043695
0.004250
0.0037538
0.0038235
0.0042024
0.0048671
0.0042997
0.0107121
0.0036645
0.0035451
0.0050327
0.0044169
0.0040274
0.0042551
0.004234
0.0147089
0.0043471
0.0069589
0.0038974
0.0000567
0.0000496
0.0000525
0.000089
0.0000486
0.0000834
0.000052
0.0000498
0.0000687
0.0000497
0.0000518
0.0000525
0.0000487
0.0000496
0.0000467
0.0000494
0.0000498
0.0000642
0.0000493
0.0000488
0.0000511
0.0000532
0.0000512
0.0000509
0.000049
0.0000485
0.0000878
0.0000548
0.0000484
0.0000515
0.0000518
0.0000506
0.0000634
0.0000664
0.0000487
0.0000481
0.0000510
0.000052
0.0000868
0.0000496
0.0000492
0.0000494
0.0000487
0.0000522
0.0000489
0.0000534
0.0000507
0.0005517
0.0004843
0.0005516
0.0005307
0.0005988
0.0004747
0.0004897
0.0004749
0.0004787
0.0006257
0.0004858
0.0004969
0.0006662
0.0004768
0.0004727
0.0005725
0.0004730
0.0005505
0.0004712
0.0004796
0.0004864
0.0004799
0.0005343
0.0005028
0.0004928
0.0004743
0.0004799
0.0004843
0.0004683
0.0004880
0.0004745
0.0004724
0.0004740
0.0004749
0.0005443
0.0004802
0.0004737
0.0004783
0.0004945
0.0004784
0.0013068
0.0005004
0.0007879
0.0004816
0.0004747
0.0006608
0.0004945
0.0005280
0.0004754
0.000606
0.0168290
0.0048786
0.0042467
0.0045571
0.0046884
0.0042601
0.0052993
0.0041995
0.0048461
0.0045672
0.0045391
0.0041118
0.0040465
0.0052810
0.0043085
0.0033864
0.0045163
0.0079658
0.0044691
0.0048942
0.0048520
0.0045564
0.0045114
0.0040219
0.0043650
0.004129
0.0042069
0.0053258
0.0045074
0.0045560
0.0041818
0.0042816
0.0047274
0.0044951
0.0045640
0.003823
0.0045168
0.0049420
0.0046149
0.0042544
0.0043476
0.0047181
0.0042679
0.0045264
0.0041475
0.0037574
0.0040522
0.0048611
0.0045595
1.9428
1.9417
1.9366
2.432
1.9522
1.9443
1.9573
1.9135
1.9501
1.9600
1.5599
1.9513
1.9350
1.9454
1.9400
1.9528
1.9483
1.9416
1.9606
2.324
1.9180
1.8976
2.0058
2.453
2.0031
1.9696
1.9553
1.9501
2.380
1.9436
1.9521
1.8923
2.1208
2.3067
2.2007
1.9066
2.639
3.701
2.0952
2.1788
1.7104
2.1829
2.0845
2.385
1.9528
1.9326
1.9610
1.9554
1.9809
