0.0001458
0.0001193
0.0001218
0.0001190
0.0001208
0.0001173
0.000118
0.0001183
0.0001173
0.0001199
0.0001195
0.0001180
0.0001204
0.0001204
0.0002558
0.0001197
0.0001190
0.0001163
0.0001165
0.0001203
0.0001197
0.0001180
0.0001189
0.0001154
0.0001217
0.0001212
0.0001194
0.0001177
0.0001184
0.0001181
0.0001192
0.0001184
0.0001187
0.0001197
0.0001213
0.0001207
0.0001185
0.0001216
0.0001182
0.0001192
0.0001183
0.0001198
0.0001184
0.0001182
0.0001182
0.0001173
0.0001234
0.0001188
0.000208
0.0001171
0.0001233
0.0001192
0.0001185
0.0001195
0.0001172
0.0001181
0.0001285
0.0001154
0.0001207
0.0001152
0.0001218
0.0001185
0.0001187
0.0001224
0.0001195
0.0001169
0.0001206
0.0001259
0.0001223
0.0001355
0.0001187
0.000121
0.0001218
0.0001211
0.0001202
0.0001194
0.0001227
0.0001163
0.0001192
0.0001188
0.0001214
0.0001163
0.0001177
0.0001163
0.0001246
0.0001219
0.0001175
0.0001195
0.0001197
0.0001199
0.0001290
0.0001178
0.0001228
0.0001177
0.0001196
0.0001212
0.0001173
0.0001195
0.000120
0.0001173