1330931,162360,9,25.23,4,6,80.41,592.58,573.44
6749927,1515265,54,118.78,1,329,89.38,599.79,590.21
2231160,314509,46,38.52,3,76,93.93,563.98,561.22
51604372,13075048,188,907.98,2,3555,91.02,574.3,528.16
32034107,7980657,103,558.91,4,1960,87.81,559.45,598.66
64266841,15186220,184,1112.86,2,4743,88.78,523.52,575.89
20912005,5163120,87,363.23,2,1052,92.35,575.89,600.38
42826906,11067498,84,757.11,2,2865,83.83,538.3,571.59
18789481,4690350,101,325.79,3,956,88.5,572.84,525.67
55321204,13924228,115,971.14,3,4018,86.1,585.11,630.26
5802186,1165165,49,99.63,3,291,88.14,555.91,638.37
9818868,2258734,56,173.18,3,478,84.0,546.83,620.83
25494088,6623265,157,444.39,3,1417,78.58,548.24,593.38
76036624,18094399,187,1321.47,3,6112,90.72,585.42,584.07
30889608,7919285,66,543.16,3,1899,79.37,546.8,531.43
5890642,1185822,35,99.12,4,292,94.03,569.6,571.01
35811758,9218031,52,626.99,0,2294,80.11,602.09,632.53
50759273,12375438,87,886.33,4,3503,77.68,597.24,618.41
1289448,134376,14,25.21,2,7,92.48,567.95,569.68
10919137,2593475,92,194.65,2,534,88.43,553.48,595.42
1313295,149571,21,26.39,6,6,94.07,580.71,564.71
15053597,3885247,398,264.29,1,696,90.48,500.45,527.16
71410593,16728000,77,1236.73,1,5371,94.44,498.3,594.31
48984136,12237657,281,861.42,5,3361,90.94,544.77,543.26
23654451,5920799,52,414.05,2,1380,87.96,573.21,557.95
1129177,76398,7,20.53,0,1,81.44,535.3,632.71
1151892,94773,13,21.78,6,1,77.69,516.7,537.65
4487418,810291,48,77.00,2,228,79.46,576.44,625.76
53012813,13458969,1034,939.80,1,3556,92.35,539.15,563.23
59511961,14536063,202,1044.39,3,4441,89.17,516.42,593.93
20921962,5191691,176,363.74,4,1049,89.5,520.88,614.13
21522428,5335090,98,371.43,4,1114,90.46,520.55,597.88
60703679,15384547,766,1080.67,2,4467,83.23,579.77,603.4
29208587,7501599,109,513.66,3,1712,82.1,507.61,548.64
14971251,3776893,80,260.60,2,708,79.99,606.57,569.76
146888,48998,7,4.04,0,0,93.93,547.5,596.42
25328915,6506907,89,439.84,3,1416,92.12,535.54,554.83
1386580,212371,48,28.30,1,6,94.17,555.26,589.82
1335128,157275,32,26.45,7,6,80.58,504.51,535.68
1252988,132242,32,24.50,2,8,83.8,559.59,580.22
49081892,12428024,145,875.80,4,3385,77.43,539.43,591.03
67316993,16482621,158,1162.54,5,4956,85.89,607.25,590.67
55067893,13882150,190,966.13,2,4002,80.02,547.69,564.34
11078040,2594591,46,196.36,2,538,86.58,539.45,634.87
5429469,1005425,49,94.20,3,291,84.52,522.66,614.31
49475197,12202747,110,872.50,2,3417,87.48,516.99,550.82
34626513,8626493,118,610.01,3,2236,89.42,594.52,634.84
6814696,1535021,81,116.71,4,329,82.99,560.38,590.93
1300705,137382,14,25.64,1,7,77.56,504.1,595.25
7956659,1809251,48,138.86,1,393,77.48,575.96,623.33
1340075,158861,14,24.78,0,6,88.52,543.22,532.03
21748465,5351043,89,374.37,4,1156,85.54,582.3,623.23
8350285,1934769,68,147.21,2,409,88.92,598.83,640.89
50038531,12666638,112,881.34,1,3471,82.11,534.91,580.78
21705783,5336046,72,372.71,7,1157,84.52,586.67,585.96
4526837,800593,32,75.12,1,239,82.25,521.47,559.78
20794362,5100318,110,356.22,0,1048,92.04,561.94,546.31
1336871,160699,35,26.92,3,6,83.71,586.31,613.04
12801385,3221551,77,225.09,1,596,89.61,581.13,559.53
71877374,16892055,165,1231.33,1,5374,85.03,524.64,527.3
20951556,5285604,60,361.08,1,1053,78.03,550.19,574.06
44078922,11013552,133,778.28,1,2986,80.12,556.86,569.64
7020847,1575685,58,125.64,3,340,93.94,583.56,582.73
36478745,9269257,94,648.09,2,2314,84.59,562.14,568.18
50058591,12261170,106,872.79,2,3470,86.93,596.84,563.82
9317000,2146027,84,164.10,2,456,79.09,559.53,596.76
6531501,1483554,111,114.13,7,299,94.59,537.12,579.69
8149367,1903895,63,148.33,0,404,80.46,514.6,593.33
26200613,6487775,79,452.90,5,1475,82.11,565.3,536.16
11385619,2743654,50,202.93,0,539,90.96,527.37,586.19
46533227,11858893,142,829.49,2,3170,93.57,500.98,616.93
36914579,9186241,95,646.11,4,2340,89.2,593.5,544.29
2927725,416559,51,48.67,5,176,84.45,539.97,622.51
33741599,8780186,295,597.90,2,2106,81.57,562.8,583.21
57504326,14129703,128,1013.74,1,4226,94.03,548.45,540.08
68017667,16392994,155,1185.68,6,5141,87.18,557.22,605.12
44776546,11423976,115,800.27,1,3036,83.3,529.26,591.21
68867181,16331400,228,1200.43,2,5164,91.57,581.4,551.12
6308317,1388689,43,108.45,1,292,90.86,555.74,538.28
1319352,143464,17,26.12,4,6,81.63,571.38,605.86
40957554,10406394,82,721.70,0,2719,84.19,514.62,581.95
1318420,147752,10,26.32,2,6,89.77,567.71,636.69
145721,46703,8,3.92,0,1,91.84,570.67,531.16
13643978,3277442,65,235.84,2,627,80.54,543.59,612.09
48842454,12257266,117,865.21,7,3369,78.36,518.25,571.64
1318517,139644,16,25.56,3,7,90.29,525.13,528.28
10708873,2480855,72,189.70,4,531,86.94,555.79,566.65
16028836,4249938,154,293.77,3,724,87.13,560.91,617.18
4848082,886322,50,83.76,1,259,82.17,519.94,584.01
1311307,142159,20,25.50,5,7,91.04,539.5,591.99
21542633,5319131,62,372.73,1,1131,91.17,579.21,639.9
50164051,12343487,114,880.08,1,3473,94.17,577.98,532.68
50238363,12692745,50,888.47,3,3481,93.41,530.03,635.96
62706893,15139521,143,1097.38,5,4692,87.96,533.97,567.66
50763058,12512937,194,887.09,0,3489,85.83,535.57,543.25
22525167,5610295,77,390.16,1,1216,93.91,572.12,593.88
8488409,1885087,43,148.12,0,423,89.52,525.32,539.46
45210230,11343728,125,803.27,1,3062,81.67,582.7,589.93
29158085,7281937,77,513.39,5,1711,91.03,541.41,631.65
3873419,680847,61,65.92,6,196,92.07,519.07,542.75
1923761,312038,21,38.20,3,28,72.99,1412.43,1297.05
71875828,18479810,349,1307.97,2,5068,63.58,1474.42,1189.63
64905553,16495080,291,1181.89,4,4486,73.71,1496.16,1244.94
19463006,4724234,49,352.43,2,1182,65.6,1489.5,1164.78
82216660,19891590,175,1454.99,2,6144,64.02,1385.42,1228.51
70085745,17478909,456,1277.16,4,4888,67.87,1351.13,1203.79
53933043,13290712,131,951.14,3,3594,64.04,1361.3,1361.4
45590525,11823980,956,840.83,3,2896,68.82,1391.07,1152.16
33992447,8182501,68,609.23,3,2409,66.22,1298.93,1373.8
30520859,7331160,88,550.06,3,2159,72.88,1448.56,1199.67
25469383,6270541,88,461.84,6,1652,69.67,1282.54,1322.85
41120141,10031110,197,747.37,3,2764,65.14,1377.95,1210.63
70803846,18066282,156,1266.36,7,5003,71.76,1471.21,1232.83
24946931,6152625,114,452.96,4,1625,61.68,1432.47,1357.98
25126409,6063792,123,451.11,5,1624,67.03,1330.54,1380.85
38982257,9752688,240,733.11,7,2680,67.22,1399.62,1379.13
49307520,12121822,119,873.21,6,3225,73.61,1263.79,1358.69
35441146,8803071,257,647.72,2,2484,66.61,1287.39,1366.7
24502768,5692311,67,436.41,4,1594,68.4,1418.92,1238.05
32067340,7805563,71,580.38,4,2270,70.67,1239.27,1181.63
35197779,8953090,793,641.47,3,2409,72.12,1387.21,1347.54
27242190,6641096,330,501.21,4,1748,73.84,1489.02,1184.84
51317034,12458942,141,907.65,2,3500,68.38,1394.19,1261.16
30857394,7296452,59,556.57,0,2214,72.01,1254.37,1140.17
30713831,7289666,87,553.96,1,2191,66.35,1477.42,1185.31
69746604,17465731,433,1269.10,6,4890,70.16,1268.6,1205.37
29954480,7173521,138,537.12,5,2062,69.11,1345.17,1264.33
47430242,11593935,108,862.57,4,3143,65.38,1341.87,1263.33
35562369,8516298,107,639.60,2,2527,68.45,1356.85,1261.39
28692813,6983156,99,522.66,4,1919,68.78,1284.39,1351.39
67294379,16864331,111,1207.57,1,4634,65.66,1292.97,1303.29
19872902,4758523,68,355.98,3,1233,73.98,1254.94,1162.37
59578082,15085862,176,1098.14,2,4084,73.84,1419.02,1232.13
25283439,6244280,148,462.74,6,1628,65.94,1296.62,1384.82
25632035,6145606,70,459.31,2,1658,71.36,1398.76,1283.41
23719809,5562971,91,423.61,3,1517,62.84,1490.36,1201.05
6056077,1191483,64,108.98,3,317,73.21,1439.76,1259.88
25417628,6092997,98,458.54,3,1639,68.07,1368.62,1261.2
19528085,4792712,96,368.05,7,1181,69.81,1324.59,1285.29
31561653,7478073,109,572.21,3,2259,69.82,1404.98,1175.96
40419375,10109220,150,739.12,0,2761,65.38,1358.46,1177.47
19995576,5008179,417,368.08,4,1168,74.03,1513.4,1277.1
21518620,5287744,72,389.81,7,1359,64.18,1425.5,1319.03
73396421,18682460,133,1313.68,2,5224,68.43,1283.19,1236.02
21616872,5138900,103,389.16,1,1365,68.67,1444.24,1255.07
34401931,8336935,141,621.00,1,2454,64.43,1323.72,1325.95
23649031,5628146,232,422.75,3,1471,69.51,1507.59,1347.03
25532789,6104594,65,458.66,2,1656,74.12,1404.0,1255.24
68296299,17504471,214,1223.58,4,4720,69.56,1459.11,1374.17
85464892,20789009,193,1510.69,4,6391,63.93,1347.31,1198.28
1884510,303763,17,36.78,2,30,72.28,1417.31,1160.08
32154405,7708595,117,577.29,2,2270,74.2,1403.14,1363.93
58156826,14866396,110,1039.52,5,3919,68.22,1474.63,1245.72
73823267,18391057,254,1335.26,1,5258,74.22,1263.17,1343.39
24144818,5654215,75,428.71,1,1574,72.73,1261.97,1362.85
71823107,18381008,214,1285.01,2,5074,73.38,1363.65,1287.33
34023403,8236831,79,613.63,1,2408,64.97,1288.09,1219.58
71435432,18362895,635,1309.82,4,4998,63.6,1504.59,1351.22
17235345,4070805,71,309.66,3,1086,72.67,1451.43,1306.27
35769130,8630384,153,650.25,2,2530,70.32,1324.51,1342.67
100076463,24651839,190,1761.53,2,7598,74.76,1329.16,1384.19
35813290,9020980,583,673.46,2,2483,68.01,1450.86,1244.15
23063828,5521633,91,432.39,5,1411,63.51,1455.64,1300.2
74043571,18615310,198,1330.17,3,5292,64.77,1414.42,1137.33
30807809,7297730,77,552.33,4,2213,68.72,1510.44,1293.89
48652352,11984375,204,875.08,3,3168,69.92,1368.7,1164.27
44417857,11640064,552,833.11,3,2878,66.96,1335.58,1164.89
37611000,9168209,71,679.60,1,2626,71.99,1324.52,1346.05
30290950,7672702,746,571.55,5,1927,69.02,1446.91,1175.41
84066260,21400075,600,1521.25,7,6175,66.1,1392.65,1245.67
59163697,14626522,145,1054.15,2,4067,71.52,1470.24,1229.3
81657279,20138220,210,1482.52,0,6010,68.17,1501.08,1263.89
37217205,9115336,426,673.23,4,2586,63.08,1461.0,1224.43
25067965,6152876,76,458.17,4,1624,68.4,1243.54,1139.24
42249880,10650946,613,791.28,6,2765,66.01,1375.49,1269.53
91458782,22089032,170,1616.78,4,6878,69.91,1398.12,1308.09
68899599,17749810,472,1272.82,3,4771,62.23,1317.38,1305.1
75146880,19185686,185,1352.99,2,5366,74.12,1351.74,1217.68
36252451,9058952,123,659.61,2,2568,64.27,1277.19,1380.21
80213442,19855144,172,1439.56,2,5754,67.78,1446.92,1228.16
31164016,7534173,100,567.04,2,2236,62.46,1346.23,1289.61
36860062,8918699,251,684.19,6,2588,74.69,1323.48,1147.83
94007643,23538153,844,1669.30,6,6960,69.2,1393.01,1147.06
72482305,18811825,456,1321.58,4,5117,72.29,1291.39,1342.96
34209636,8786885,572,644.61,4,2365,73.72,1370.57,1308.16
63590390,16201246,1216,1141.59,4,4277,73.57,1329.83,1380.48
69219520,17415582,330,1262.82,5,4864,61.66,1251.59,1370.85
80010037,19708452,427,1441.74,2,5714,74.01,1263.54,1354.7
23762610,5728876,163,443.86,7,1489,73.63,1273.84,1272.89
66799853,16504777,187,1196.47,0,4607,62.81,1265.5,1301.68
38656842,9486919,101,701.04,0,2674,64.13,1384.97,1254.16
54945737,13542404,173,993.86,4,3658,62.41,1461.22,1341.95
83264971,20202579,133,1471.50,2,6171,71.09,1365.15,1136.19
43725156,10854064,100,780.35,4,2879,69.67,1359.14,1240.93
34460520,8400260,219,655.02,7,2431,71.28,1431.93,1353.03
70308000,17428207,136,1247.93,5,4951,65.19,1448.24,1190.27
34623243,8953310,687,629.91,5,2377,72.78,1308.83,1256.31
30699614,7422060,158,562.44,2,2169,69.32,1368.41,1363.86
32910403,8026344,97,598.80,2,2344,70.28,1427.07,1240.0
42298823,10442895,137,759.26,5,2832,70.89,1291.29,1242.8
1454705,208515,16,26.86,0,8,65.48,1375.91,1363.82
46445344,12236977,396,860.25,4,3135,46.88,993.5,346.67
1450164,198668,29,27.66,5,7,46.7,975.73,366.84
17009062,4437884,72,301.06,1,839,41.96,1139.53,382.63
6035943,1349012,180,106.49,4,292,47.2,1004.33,362.7
37002512,9644108,109,653.22,3,2349,42.73,1007.36,376.57
148653,47980,7,4.02,0,1,47.58,1137.95,397.53
26620376,6712211,54,461.61,3,1497,43.95,1173.2,391.32
29464317,7354669,84,516.39,3,1723,48.95,1030.27,391.64
17088812,4535788,230,332.39,9,808,41.47,1069.08,363.41
145019,48725,7,4.02,0,1,43.52,1051.27,357.47
49231421,12598543,98,874.10,1,3394,45.98,1161.35,398.94
51136918,12906805,68,912.54,1,3535,43.64,981.76,391.5
12120428,2934359,55,216.83,2,597,41.59,1087.53,405.0
1426192,189356,18,27.09,4,7,41.94,995.12,372.81
1495059,227312,61,28.83,2,7,49.28,1126.85,417.99
17751747,4718152,97,316.43,2,860,45.67,1174.03,377.42
144108,48474,7,4.02,1,1,47.39,1028.74,407.39
5770716,1168754,65,99.49,8,292,43.22,1075.65,395.86
8273070,1897369,61,144.55,2,410,45.47,1021.27,389.87
1408174,180935,17,26.86,0,7,45.58,976.01,344.49
9856832,2284254,95,174.53,6,475,47.14,1069.0,346.5
1430452,184724,17,27.01,3,7,47.9,1112.72,391.91
5573016,1084772,114,96.18,3,292,43.02,1163.5,409.81
49975526,12877504,252,925.83,1,3427,44.9,1031.34,393.62
74795551,18040461,1087,1332.80,1,5730,44.39,1138.8,351.16
1427751,190228,29,27.09,3,7,49.06,1065.06,385.09
1413812,184257,15,27.65,1,7,42.54,1043.96,385.4
4543929,845389,44,76.64,1,227,49.12,1114.96,401.83
1431682,185164,16,27.07,3,7,41.76,1081.14,373.58
1448032,198844,30,27.11,6,7,49.57,1104.7,408.12
1448379,197387,35,27.74,6,7,46.16,1041.68,377.41
1444764,192151,16,27.74,2,7,41.34,1044.33,370.36
1460928,204426,36,27.93,5,7,43.17,988.55,352.3
1459942,205607,39,28.18,5,7,46.64,1096.3,357.03
46060320,11605805,258,862.76,5,3116,40.94,1036.72,344.35
42171398,10640221,89,747.88,1,2794,44.4,1017.49,380.48
1467317,209294,33,28.18,4,7,45.11,1070.87,366.49
1445100,200706,26,27.63,1,7,46.78,1025.42,349.67
34001410,8419589,257,626.44,6,2127,41.2,1135.5,368.78
1438606,205262,28,27.99,3,7,49.37,1004.51,357.64
2174071,315326,38,37.34,0,75,41.68,997.83,407.4
35988649,9289775,333,638.14,4,2282,48.46,1047.79,366.35
1438182,195108,15,27.83,0,7,48.41,1051.72,412.62
33749228,8618502,87,589.41,8,2148,49.15,1141.4,384.91
3826975,671108,43,64.04,1,190,44.52,1083.7,346.35
1427558,179888,14,26.41,2,7,45.95,1079.37,387.17
10393371,2450397,156,184.25,1,513,44.72,1043.37,389.78
1454969,204774,31,27.88,3,7,42.29,1050.28,376.13
70248755,17372976,618,1227.82,5,5237,43.31,1141.92,405.53
1424187,184138,16,26.92,3,7,48.92,976.1,379.13
1447661,198299,35,27.48,2,7,41.97,986.11,400.26
1448774,195395,25,27.62,5,7,46.05,1159.29,394.28
21636347,5397184,141,389.31,4,1106,46.42,1186.12,400.62
1447560,200668,23,27.93,4,7,41.65,1173.91,360.55
27152570,6869365,128,472.74,2,1510,47.86,1104.66,388.53
1465481,204912,38,27.72,3,7,44.47,1042.64,367.03
1437960,187908,15,27.97,3,7,44.07,1119.7,365.87
1417645,195216,13,26.95,1,7,41.11,1178.91,356.98
22971854,5820096,188,426.33,4,1243,48.59,1081.07,386.71
4847137,952309,77,84.69,3,254,42.22,1056.5,372.07
71755221,16971080,492,1274.84,2,5370,44.52,1089.47,406.59
9964549,2294499,51,174.76,2,487,41.9,1067.78,391.29
70161094,16477350,172,1213.44,6,5324,46.69,995.42,402.08
3619049,605031,37,59.53,2,186,41.55,1096.29,415.44
23230247,5864449,76,403.81,3,1338,40.71,1119.32,375.68
144121,49091,7,4.04,0,0,44.52,1020.13,370.33
44936101,11226487,268,797.86,3,3035,48.51,1152.61,374.93
50180123,12340496,92,882.25,3,3479,46.26,1124.35,362.07
1487373,229673,60,28.04,2,7,44.71,1104.95,416.48
20481093,5031474,83,354.62,4,1007,45.01,1090.61,355.87
28337033,7054808,90,493.96,3,1582,42.41,1171.62,362.49
26563954,6684193,55,461.39,4,1493,48.66,1181.7,349.25
58111853,14963916,520,1057.22,1,4235,42.11,994.22,351.19
59359162,14558173,233,1077.49,4,4341,46.93,996.04,365.97
42651857,10727576,149,754.05,2,2840,43.85,1090.15,355.98
42689235,10823210,281,757.00,2,2831,43.16,1116.92,379.71
6722057,1493136,58,116.31,1,310,42.89,1173.34,394.25
20228776,5177734,76,351.05,3,1005,48.27,998.72,355.64
34898117,8874533,109,612.40,3,2246,42.23,1051.53,349.48
43331878,10844270,138,767.88,3,2906,48.03,1039.36,354.48
9473824,2266477,77,167.31,3,467,47.73,1048.91,346.11
47103161,11805191,112,849.87,3,3229,44.34,975.88,382.5
1438082,205130,19,28.04,2,7,47.35,1015.56,372.71
50664585,12496733,229,919.24,5,3485,42.84,1137.83,391.25
17971005,4842108,308,323.51,1,853,49.08,1144.79,380.19
1442327,194722,29,27.83,3,7,43.99,1175.35,365.15
1424268,186375,16,27.73,4,7,44.31,1057.91,361.98
23225760,5684760,75,401.00,4,1343,42.59,1003.99,414.16
1392627,175881,12,26.43,3,7,41.4,979.68,353.37
1416922,183162,16,26.94,1,7,45.45,1118.27,394.58
20783848,5050114,47,354.69,4,1058,45.19,1107.41,363.2
13178575,3218176,48,231.79,4,607,42.58,1185.85,363.67
149091,51162,9,4.21,0,1,41.46,1090.43,347.75
12497017,2941478,54,218.86,3,605,46.01,1011.13,374.73
30718348,7629226,84,538.77,5,1846,46.72,1090.92,391.36
1440259,189502,23,27.74,3,7,41.2,986.91,397.48
1426384,182057,19,26.64,1,7,43.59,1179.44,345.75
4135823,727050,53,70.23,6,213,45.45,1047.28,385.6
29680688,7292706,70,517.66,0,1725,49.43,1062.93,350.58
1357999,162427,16,23.58,1,3,47.01,1175.06,385.47
1327241,147376,15,24.18,1,4,48.9,1041.7,393.98
7453279,1705383,78,129.96,4,361,65.96,1699.16,533.43
41405557,10610624,102,732.29,2,2724,65.99,1701.71,640.78
8031905,1859642,53,142.31,2,397,59.89,1742.25,638.76
20997733,5162738,88,378.94,3,1053,59.53,1536.11,599.76
2640998,380533,96,42.63,4,128,61.45,1576.07,537.0
27427772,6723950,112,473.35,3,1532,64.39,1613.52,639.8
59453400,14551409,291,1039.39,3,4383,57.62,1550.44,527.62
16090800,4143984,73,280.16,2,732,61.64,1841.8,558.07
8586461,1906137,57,150.77,3,426,56.86,1788.32,613.43
29944276,7517653,119,554.50,1,1715,67.77,1776.92,612.33
1298919,140270,13,24.59,0,3,59.04,1546.04,567.76
38733801,9628260,71,677.86,3,2454,68.3,1829.57,550.08
34242455,8429424,95,595.73,2,2230,65.82,1693.7,614.13
9349922,2119067,45,162.57,6,458,59.72,1811.85,541.92
7192042,1684558,61,127.74,1,347,62.28,1801.22,622.78
36798461,9310615,371,649.32,6,2313,67.94,1731.13,633.12
31797256,7891762,75,557.97,3,1952,60.39,1571.76,623.09
23450819,5821065,100,417.72,1,1345,61.89,1737.2,592.22
43327831,11305628,181,788.60,4,2895,64.88,1555.6,631.59
16665575,4326725,70,306.85,3,795,61.34,1550.34,538.3
1334451,154679,33,25.83,0,4,63.81,1623.04,562.83
1320554,145364,23,24.62,3,3,61.7,1626.4,631.92
1128078,75493,12,18.72,1,0,67.55,1562.2,565.04
1315951,145251,22,24.99,3,3,63.02,1731.57,570.23
58873596,14407517,195,1033.56,3,4286,63.76,1842.92,531.99
56904257,14173987,133,1028.85,0,4218,65.74,1720.33,529.03
32279045,8213233,188,613.95,2,1961,67.03,1633.88,615.12
44648112,11034300,96,783.77,3,3037,63.3,1533.27,626.51
1329727,149618,26,24.69,3,3,68.14,1783.85,529.79
42471970,11032522,132,775.40,0,2829,66.29,1550.62,534.26
26160885,6730009,47,456.62,2,1474,62.07,1697.33,556.91
1326994,149750,33,24.62,1,3,66.53,1827.78,586.29
1312536,134284,13,23.69,1,3,59.63,1607.21,592.01
5927480,1206209,67,102.55,2,290,65.8,1648.07,605.39
1273666,133187,30,23.04,2,12,59.24,1661.47,572.59
1322472,142415,18,24.53,3,4,57.71,1626.1,576.15
48591300,12319801,146,869.93,3,3334,56.79,1540.78,568.27
28290179,7010949,92,489.76,2,1574,57.51,1590.59,585.39
31300054,7683529,69,551.19,0,1938,58.77,1589.18,625.8
6997235,1622364,58,123.87,5,340,56.88,1534.02,626.0
29289371,7318244,109,514.36,7,1710,60.13,1731.73,589.3
6769865,1473668,63,116.77,1,328,56.75,1617.23,529.2
1311532,138110,12,24.55,1,3,66.1,1653.97,586.65
51122548,12933762,104,902.37,0,3535,63.3,1684.28,574.84
68892982,16822740,192,1194.99,2,5166,59.96,1517.5,571.64
1307902,133456,19,24.48,1,3,65.38,1761.97,542.66
1337105,162065,30,26.19,2,4,60.68,1529.6,542.6
1342612,146664,20,25.37,4,3,65.61,1648.04,600.31
1173239,99490,21,20.62,4,0,61.51,1819.77,567.16
12146791,2875129,49,214.99,3,594,59.65,1685.0,550.56
49187238,12663872,450,938.94,5,3340,66.1,1840.03,615.94
70160497,16461711,179,1265.10,2,5333,58.98,1603.31,607.49
1127199,82902,12,20.45,3,1,67.69,1830.35,597.77
1294428,134910,15,24.46,0,3,58.55,1529.39,572.52
1307977,141546,14,24.43,1,4,64.6,1587.59,558.92
28327108,7069581,87,498.49,0,1575,68.25,1806.33,624.74
1304725,140413,14,24.76,4,3,57.28,1792.83,571.71
7943905,1803083,52,141.00,2,394,56.1,1646.48,602.91
1301520,137527,12,24.52,2,3,62.3,1582.83,578.38
2497129,326322,38,39.87,2,124,66.57,1796.97,557.06
13254573,3226651,71,233.71,2,601,64.86,1552.99,627.02
1308105,142163,16,25.06,0,3,58.02,1847.25,567.44
44841045,11398132,73,795.62,2,3039,65.43,1544.47,546.89
1156033,93583,17,20.80,2,1,59.13,1563.12,537.94
1326640,147872,23,25.20,7,3,59.35,1542.65,581.61
1311251,138521,16,24.78,2,3,61.95,1788.01,565.25
44251539,10960888,82,776.99,2,2998,64.78,1687.06,591.71
47740607,12310352,86,849.58,1,3282,62.79,1697.45,614.31
1320005,141117,12,24.83,1,4,62.97,1693.35,552.43
38720248,9845895,205,685.15,6,2431,57.58,1822.88,596.22
1347748,158572,39,25.64,4,4,67.42,1659.56,558.5
51121096,12695940,377,955.21,6,3499,64.26,1641.81,584.91
35704951,8795675,88,626.57,1,2282,64.18,1561.81,599.22
9701725,2260176,59,171.76,6,468,56.85,1684.39,622.06
18598246,4826912,109,347.97,3,952,66.87,1531.56,596.29
26305174,6601853,72,460.74,2,1475,65.41,1756.68,584.52
1294926,140960,15,24.73,1,3,65.47,1794.49,595.63
1316331,146163,18,24.84,3,4,60.27,1636.26,592.29
34567941,8467201,70,603.68,5,2240,59.1,1602.33,539.6
16730593,4433473,76,295.56,3,824,66.72,1539.52,606.32
40207006,10078468,96,707.72,3,2669,60.61,1696.06,628.64
66175641,15554334,131,1140.83,4,4915,66.24,1647.35,628.39
147017,48644,7,4.01,0,1,58.98,1524.9,568.46
14660052,3591163,45,253.14,5,702,61.7,1843.55,619.59
1319117,146398,20,24.97,0,3,58.14,1773.54,605.84
67516671,15883769,125,1163.79,1,4977,60.56,1626.93,627.57
10508199,2491655,83,186.87,5,509,66.73,1834.43,575.36
1332306,155680,30,25.70,3,3,66.74,1550.63,542.13
1305202,142787,14,24.89,0,3,60.0,1574.45,580.04
27798697,6916987,151,486.41,2,1546,61.6,1712.04,625.68
63114507,15719922,164,1112.08,3,4710,66.67,1838.87,629.17
61409181,15084632,95,1083.01,1,4660,57.64,1630.07,595.09
1298365,138847,18,24.30,4,4,58.01,1722.66,584.02
3055026,457088,62,52.23,1,175,65.78,1527.09,575.02
69472174,16377819,164,1225.02,2,5242,67.92,1686.36,630.79
1301467,140612,12,24.47,4,3,56.46,1719.89,561.05
31779070,8138683,117,561.69,0,1951,66.18,1757.1,550.17
1340863,155930,19,27.12,1,4,61.2,1780.51,568.54
1374953,175910,19,23.77,0,3,61.66,1605.43,549.98
19663051,4797530,64,339.30,3,988,67.48,1618.37,621.07
1367042,174265,35,26.54,2,4,58.43,1576.62,590.85
1389233,180486,48,26.05,1,3,70.07,1688.05,741.24
1326149,143368,12,24.63,1,3,61.82,1686.63,757.91
1337684,157912,33,25.32,1,3,62.7,1694.0,637.95
45896860,11884987,314,850.94,6,3105,62.28,1541.1,707.3
27147923,6798495,277,473.03,1,1497,60.47,1453.93,718.52
31145080,7680314,81,543.59,0,1914,62.23,1486.86,671.18
9430790,2177294,55,165.17,2,459,69.07,1656.35,651.23
73143643,17375418,193,1272.80,3,5734,66.18,1500.52,640.27
22292568,5633794,158,394.96,3,1201,63.85,1670.27,659.72
24287658,5946218,103,433.61,0,1399,58.9,1431.76,726.72
1153312,95163,13,21.43,1,1,69.09,1463.87,664.79
1328161,147811,13,25.27,2,4,63.47,1650.29,762.0
1128240,77528,7,19.26,0,1,67.9,1555.02,746.59
3254850,519009,33,53.74,4,180,68.43,1691.39,659.71
1309118,142390,15,25.65,1,3,61.88,1592.58,704.42
34308194,8753174,89,605.20,0,2237,68.85,1579.71,712.56
4245818,757328,33,71.86,4,216,59.87,1508.05,718.33
68927460,16309256,356,1247.43,7,5151,64.51,1454.01,687.78
5071419,942437,42,86.05,3,271,59.52,1499.9,752.15
1319649,140471,12,24.89,3,4,70.19,1515.66,753.59
142718,46803,6,3.98,1,1,66.03,1490.03,650.84
18126975,4790363,278,326.09,3,866,60.67,1450.88,685.64
36225226,9076997,335,636.58,4,2286,67.12,1468.32,700.06
1347083,162216,28,26.35,1,3,65.01,1606.65,665.56
2696676,346643,49,41.99,3,154,60.66,1552.07,767.27
71803336,17168354,99,1244.62,2,5382,69.45,1486.98,668.88
1354389,171556,30,26.35,3,4,63.97,1643.84,731.53
2679936,340024,34,41.76,4,152,58.56,1621.98,741.89
38495690,10265945,733,714.77,3,2371,70.04,1699.12,696.05
1170168,100708,30,20.50,1,1,63.09,1638.93,668.59
25323062,6477020,194,442.89,1,1411,64.71,1690.71,657.9
11818043,2824371,58,208.13,1,564,65.71,1637.54,678.71
66465996,15658603,121,1148.52,1,4927,63.05,1453.17,744.42
22532825,5775022,292,436.28,4,1201,62.61,1661.99,697.44
12924548,3303254,182,230.75,2,597,63.8,1420.46,648.96
15447169,4004535,178,267.39,1,711,69.15,1578.02,645.94
58045664,14360608,311,1082.28,2,4228,64.15,1468.57,752.8
33207311,8261895,193,614.94,2,2072,68.07,1401.4,716.11
69162674,16208147,59,1183.85,3,5221,63.25,1555.16,630.77
1326807,151209,13,25.63,0,3,59.73,1569.0,642.18
59893224,14911867,544,1117.74,0,4374,63.41,1486.61,756.34
32320173,8229272,192,587.62,1,1961,60.35,1492.97,703.61
1317163,148082,28,24.95,2,3,62.05,1694.3,686.95
1316614,143743,17,24.57,2,3,66.44,1432.11,732.38
1313021,136212,13,24.11,3,3,61.92,1546.29,716.92
9579947,2174600,59,169.99,5,464,58.92,1562.84,684.37
1312155,142581,16,24.44,1,3,59.19,1622.95,722.23
36596845,9274655,104,648.48,1,2318,58.56,1655.03,713.0
1364015,172468,45,25.66,2,3,69.65,1641.23,695.03
56093025,13883154,128,1014.75,2,4177,65.04,1539.07,666.21
14182133,3568638,76,244.61,1,671,58.53,1614.98,631.17
73587326,18051038,525,1365.18,4,5726,60.65,1565.02,675.81
32672518,8170967,222,585.24,1,1995,62.65,1481.43,673.2
36880845,9790613,657,714.93,5,2291,61.38,1530.65,644.23
2732471,378832,73,43.53,4,148,66.15,1415.63,635.44
1335045,152011,32,24.91,2,3,62.43,1572.99,742.18
1338596,155688,28,25.40,0,3,58.86,1701.24,718.34
11398759,2689898,69,200.06,5,541,62.52,1663.02,711.19
71566008,17479753,351,1316.42,5,5365,66.54,1514.03,676.38
1515934,216378,37,29.80,2,19,64.26,1424.37,730.88
16948651,4399596,73,298.36,2,833,63.78,1590.22,755.12
53689917,13167205,119,964.24,1,3953,64.12,1471.74,738.85
1326627,147702,21,25.02,1,4,64.24,1477.37,631.08
39234290,10055650,217,732.53,5,2462,66.99,1568.01,743.5
22971998,5869252,325,403.54,5,1226,61.48,1498.95,703.12
7003371,1592113,50,124.40,2,337,67.9,1485.85,678.06
1158542,87747,21,20.26,2,0,65.81,1403.74,728.17
12186202,2872351,58,215.49,5,593,59.93,1462.83,633.64
21138353,5248718,53,366.58,1,1063,67.0,1498.92,720.49
68908500,16786324,159,1200.06,2,5177,61.88,1489.2,671.6
47415743,12272487,129,844.60,1,3262,61.43,1634.75,655.22
55430259,13497633,196,1001.73,4,4019,65.5,1604.77,635.22
52770340,12887430,255,926.88,3,3638,64.13,1550.45,681.44
43885273,10965447,153,771.71,2,2955,70.75,1622.64,648.52
26385864,6601819,76,460.70,2,1482,58.7,1601.49,748.26
6819368,1592864,94,125.02,0,325,58.89,1582.81,686.34
12065714,2989999,99,241.77,5,590,59.8,1559.22,707.4
35030683,8590091,88,610.64,1,2260,67.68,1554.9,650.9
1304605,133269,14,24.69,0,3,69.48,1633.78,685.4
1312531,137588,16,24.60,2,3,62.85,1466.75,715.81
47105714,12223462,139,877.71,2,3220,69.05,1643.8,730.29
31789035,7909912,110,557.55,1,1950,65.68,1672.09,723.66
15286539,3820754,160,265.61,0,712,61.99,1489.9,700.99
28109188,7084546,51,494.25,1,1568,67.01,1548.55,754.62
58853259,14399599,191,1056.85,4,4285,66.71,1448.07,701.12
69671988,16467058,226,1207.03,4,5250,65.43,1544.29,705.23
7404872,1828283,251,133.47,0,337,64.52,1609.7,707.66
31996993,8086115,77,585.13,0,1952,65.86,1457.01,658.4
28319957,7005175,99,492.70,2,1574,59.89,1637.6,677.14
66928567,16149647,172,1186.84,1,4935,67.27,1568.24,704.25
73396502,17634605,163,1272.93,0,5794,64.48,1595.12,746.24
15447665,4123861,86,272.35,1,712,64.72,1631.22,660.62
41177041,10329770,94,728.19,3,2722,59.65,1419.85,695.5
73516519,18003467,930,1332.64,5,5461,61.13,1541.51,655.12
1398832,174802,39,27.11,0,3,63.19,1521.61,719.08
71582780,16926060,334,1244.37,5,5368,63.47,1626.03,738.04
59983457,15386978,1195,1096.48,5,4250,70.8,1575.28,645.91
2064695,367767,37,40.70,2,26,59.54,1528.92,699.75
42713441,10802587,129,762.73,0,2841,67.63,1479.85,655.56
100652051,24162537,667,1765.28,4,7540,70.18,1645.08,698.74
67494411,16697596,278,1233.00,3,4618,64.14,1568.91,639.5
47753853,11738469,168,859.56,3,3142,73.52,1417.78,1217.36
1986250,332125,40,38.75,2,22,67.72,1269.98,1089.42
82325136,19852478,185,1454.83,3,6071,67.33,1298.97,1220.35
27434695,6623959,122,496.13,4,1796,74.42,1467.77,1322.18
53928608,13787615,254,1001.87,5,3582,65.73,1409.73,1220.09
12897567,3164183,103,240.21,3,691,69.89,1341.57,1209.5
13998520,3516502,294,281.63,3,719,64.69,1269.44,1231.94
15250635,3814462,196,278.62,0,752,73.01,1413.58,1170.6
19790110,5014007,355,395.51,8,1154,66.03,1395.46,1282.2
5034003,1161433,63,102.84,3,164,73.58,1475.49,1318.61
79408497,19973281,528,1502.43,8,5643,73.04,1364.49,1128.95
58980012,14933318,319,1071.14,1,3955,69.86,1333.23,1247.93
33269027,8105013,173,633.45,4,2336,69.13,1386.69,1156.89
73782297,18306792,189,1373.23,1,5231,62.25,1362.26,1227.48
31375457,7558892,125,571.08,5,2215,73.64,1437.9,1176.57
80490991,20573080,394,1501.74,6,5727,68.7,1491.29,1288.02
61104017,15295281,147,1095.43,2,4188,74.08,1513.08,1212.77
33547638,8072027,115,611.79,2,2357,65.97,1366.01,1242.09
65290453,16268966,232,1201.44,1,4489,72.47,1480.76,1310.44
65661901,16333617,201,1196.13,3,4517,70.74,1419.97,1194.62
10367605,2554218,91,191.76,4,486,64.81,1291.55,1195.02
24294727,5883260,124,441.98,3,1555,74.28,1535.41,1210.51
24855691,5906031,157,454.62,0,1584,67.93,1340.58,1188.17
99240979,24046137,307,1774.71,4,7509,70.46,1273.21,1086.19
57839628,14744473,361,1087.61,10,3803,67.86,1328.37,1101.88
28886281,7108806,176,532.89,6,1898,67.88,1297.6,1239.2
68039036,17206393,249,1230.00,0,4700,61.79,1368.45,1250.53
40951559,10068964,213,780.95,8,2765,66.0,1506.92,1141.75
23260029,5610114,77,424.88,3,1402,75.0,1383.95,1093.62
70215368,18242394,291,1298.00,3,4895,65.29,1460.15,1204.73
35041892,8589674,117,664.75,3,2469,64.9,1539.82,1121.34
18283193,4395548,94,330.93,0,1110,72.32,1349.7,1171.92
21155997,5146541,125,383.55,3,1326,75.02,1402.91,1272.04
96026095,23343287,668,1765.48,6,7096,68.17,1388.76,1267.9
16010591,3928215,97,320.58,0,768,75.16,1356.26,1133.4
16319962,3975765,105,293.37,1,838,63.29,1336.14,1265.01
49986806,12659144,161,896.98,5,3260,63.73,1310.54,1225.02
88654013,21558376,204,1655.27,6,6665,68.69,1386.76,1245.41
56751873,14169750,543,1062.45,7,3707,62.27,1300.07,1186.69
19919185,4793376,68,356.18,2,1201,68.89,1538.87,1133.2
35455525,8898508,130,643.39,4,2482,71.89,1498.63,1273.99
50436546,12671166,498,944.67,4,3234,71.04,1390.53,1216.59
84356263,21574711,522,1562.52,8,6177,65.52,1397.46,1161.43
19395613,4807426,180,375.48,4,1151,68.0,1449.42,1297.43
62705065,15808947,350,1123.25,3,4333,68.01,1337.5,1213.89
45278779,11245260,163,829.95,4,2967,70.56,1329.8,1142.47
44185483,11027520,458,795.61,2,2881,69.43,1526.43,1253.18
18864006,4623134,200,361.49,5,1121,73.32,1338.25,1310.57
72601703,18159309,94,1302.77,2,5160,64.06,1312.33,1099.06
57420207,14220816,218,1047.62,5,3778,63.39,1476.37,1209.08
49611428,12275510,271,906.00,5,3223,62.03,1295.05,1229.41
93456317,22384553,312,1673.57,2,6963,65.06,1401.98,1304.1
44201418,10996136,153,793.88,5,2882,62.83,1385.59,1196.09
38153325,9206076,189,716.94,2,2631,70.31,1480.05,1152.63
85612428,20894857,238,1543.76,2,6389,65.97,1390.2,1222.72
18377336,4435902,117,332.03,4,1113,62.2,1452.69,1201.02
85518607,20896499,300,1571.92,6,6383,61.51,1431.79,1151.8
29686430,7228066,81,541.36,4,2006,71.62,1282.23,1233.57
86535306,21158155,281,1547.52,2,6399,74.58,1362.33,1298.08
67634096,17177791,292,1266.30,5,4630,74.26,1326.91,1269.0
96875441,23926934,359,1769.19,2,7260,73.49,1355.75,1298.53
21558129,5319302,88,392.43,4,1350,65.44,1498.94,1146.47
98618743,23755198,116,1753.20,0,7504,72.92,1508.74,1104.86
15031498,3705630,85,274.77,3,752,63.11,1367.74,1251.56
55353072,13965429,311,1005.72,8,3662,69.95,1425.54,1232.9
37599619,9232396,269,685.99,3,2597,70.17,1454.73,1103.6
10653019,2641468,73,195.42,2,507,72.66,1272.08,1276.43
48704290,12150394,147,879.46,1,3170,63.11,1308.7,1324.22
63598899,15608375,176,1131.90,0,4431,71.46,1415.37,1144.83
36070305,8768978,203,661.40,2,2532,68.25,1341.61,1106.69
58316421,14468926,158,1058.62,4,3887,67.93,1272.77,1113.83
24384664,5758000,210,438.04,1,1554,67.13,1501.21,1219.13
26701012,6437206,102,487.18,5,1726,67.18,1484.92,1120.87
99706431,23778976,190,1743.54,2,7539,65.03,1365.24,1201.68
26903802,6753153,167,492.37,4,1735,72.17,1423.05,1090.78
43848242,11015081,206,790.64,4,2885,66.2,1431.38,1116.1
101198430,24782991,656,1866.19,6,7550,65.24,1494.6,1295.71
18802393,4587113,175,347.73,4,1121,72.51,1504.76,1152.75
19816597,4944741,297,361.30,2,1156,74.68,1453.95,1088.66
46603391,11530698,105,836.68,4,3072,75.03,1367.95,1297.84
30777856,7475071,318,604.45,5,2055,66.86,1416.89,1237.23
40685554,10313166,355,781.15,3,2720,73.82,1453.81,1117.2
58120594,15347366,1875,1113.54,11,3672,73.49,1455.37,1094.33
96316833,24060601,715,1776.33,2,7108,70.44,1518.25,1125.57
40169169,9764378,117,726.60,2,2718,65.09,1331.01,1303.08
50061108,12666120,410,902.59,0,3227,74.15,1461.26,1321.79
18562022,4454121,98,334.30,4,1120,72.16,1500.45,1208.52
22236412,5437919,231,411.02,4,1362,73.57,1311.76,1225.28
50114003,12785582,122,930.22,0,3288,62.45,1520.72,1114.28
50174986,12379008,120,893.91,1,3305,63.37,1321.93,1209.55
100135282,24064599,437,1869.52,1,7532,72.95,1300.1,1177.44
26091899,6421847,102,478.32,0,1651,63.1,1445.5,1211.72
57207524,14475934,124,1024.85,3,3757,70.73,1466.88,1110.12
85965248,21873960,566,1612.18,5,6376,74.44,1263.02,1149.84
17144637,4239003,88,312.32,0,1028,67.17,1441.1,1241.2
68073311,17357971,165,1224.22,1,4703,72.05,1470.57,1302.0
1604720,247779,32,32.90,2,11,71.97,1376.5,1194.45
30722445,8012624,713,573.00,2,1707,68.05,1320.85,1132.62
1586684,245370,25,33.11,2,10,66.48,1373.69,1255.69
74371497,17965570,125,1295.96,4,5606,64.39,1287.57,1105.16
48236419,12769190,388,926.16,6,3203,66.45,1459.53,1127.13
65737239,16786095,530,1201.76,11,4757,61.65,5893.02,498.07
1771219,87615,35,31.23,3,4,60.18,6969.66,547.22
1712947,288503,64,37.94,3,10,67.96,6346.38,563.61
71628343,17121975,253,1261.10,8,5246,64.06,6989.86,474.41
28349691,7631655,455,570.23,6,1560,69.53,6896.05,561.82
1587941,249686,38,36.41,0,10,68.88,6075.79,479.57
1611771,264296,48,33.14,3,10,60.3,6737.31,493.57
33639293,8650508,111,592.21,3,1998,69.33,6595.31,504.12
76617969,18235535,296,1370.59,4,5684,70.33,6389.57,509.59
1579077,244617,24,33.62,1,10,69.24,7042.69,472.27
6336303,1411059,75,113.25,2,290,59.26,6835.6,504.24
52786157,13383446,357,991.96,3,3580,60.07,5836.21,531.91
55701241,14359889,352,994.93,3,3802,66.68,6612.88,519.53
3900410,735575,69,69.13,3,175,61.33,6822.73,518.5
50797346,12875088,240,902.61,0,3433,68.64,6273.14,543.03
1599135,253439,28,33.57,1,10,58.75,6436.49,498.93
1597555,240007,21,34.10,5,10,58.19,6341.4,544.86
1581682,234886,20,31.46,1,10,60.01,6725.18,492.77
62744346,16218070,358,1193.73,5,4528,66.42,6148.88,551.67
30493324,7664670,98,535.89,1,1755,62.76,6743.57,489.37
11329430,2822366,87,208.21,2,617,59.39,6406.76,471.72
1626465,279933,52,34.17,5,10,66.96,6064.74,546.48
54364118,13731252,153,978.00,1,3734,66.79,6270.17,494.04
1618339,243741,24,33.81,2,10,66.16,6444.01,518.04
13915984,3386219,128,268.51,4,758,63.59,6792.77,498.37
22815584,5838328,112,423.62,1,1240,69.2,6535.2,540.83
73803987,17429729,193,1275.83,2,5511,63.53,5902.92,489.38
3352612,545956,51,59.10,1,171,62.37,6777.67,519.98
48447836,12578081,95,862.88,1,3264,69.72,5822.38,487.24
71954609,17142011,158,1328.61,3,5263,66.99,6716.63,479.46
40892469,10428279,171,729.85,1,2601,59.21,6021.33,573.78
1637395,268588,39,34.19,1,10,58.2,6109.44,543.77
12265201,2999508,62,222.15,3,668,66.06,6582.12,554.25
13178512,3190449,92,240.51,4,725,59.71,6041.14,502.5
40287779,10037385,120,711.21,2,2582,69.36,5836.54,494.31
22017490,5672599,88,394.41,0,1145,67.05,6159.96,543.53
55328478,13893512,404,1001.55,7,3782,69.77,6042.75,500.19
1584406,247632,27,34.46,1,11,59.92,6159.56,520.97
42855219,11111001,158,787.10,2,2709,69.39,6904.79,498.88
64529591,16494819,222,1143.83,2,4785,61.67,6118.71,555.86
1592646,256352,36,33.94,5,10,69.16,6001.77,542.25
1603243,240603,32,34.41,2,10,63.53,6465.77,503.72
38533236,9552876,116,679.78,1,2513,65.89,5881.29,552.34
8988754,2167664,112,160.62,4,436,65.24,5766.92,524.08
1589015,244863,25,32.27,5,10,58.65,6847.18,546.93
38158479,10082544,518,694.90,6,2342,60.02,6983.29,543.25
23268625,5856586,80,410.34,2,1256,69.33,6209.78,543.23
1586071,249731,24,34.75,1,11,69.78,6701.56,572.87
35713088,9285692,93,636.15,3,2221,64.76,5926.81,485.61
76461668,19242200,907,1342.31,2,5652,58.15,6929.32,501.88
10538191,2567312,56,190.68,2,562,58.54,6348.61,506.81
36487677,9139310,133,655.39,4,2249,63.98,6230.07,528.84
63783821,16371571,784,1193.88,2,4543,61.68,6246.5,550.42
1623725,248225,28,33.07,1,10,70.77,5923.26,548.94
72210188,17231738,221,1251.24,4,5290,70.43,6848.95,544.27
28238422,6963266,64,496.11,5,1681,67.15,6866.61,518.02
55325796,14005751,710,1027.69,8,3734,60.61,6107.14,485.22
34183779,8655322,135,610.30,2,2015,68.65,5819.81,506.4
77149344,18217270,212,1335.73,4,5853,64.9,6401.25,487.89
68101430,16750636,582,1197.69,5,4997,70.69,6784.03,509.61
22215777,5916582,276,399.47,2,1140,65.22,5930.51,564.79
146808283,80766315,33312,6632.27,615,1249,68.78,6974.03,488.81
1894875,63828,22,28.67,2,4,65.8,6970.8,472.23
21441657,5535850,77,382.85,2,1132,61.58,6311.24,508.3
13796305,3482331,82,249.47,3,747,60.26,6436.41,528.81
1594017,249898,27,33.36,2,10,58.97,6472.31,505.41
1584152,247569,19,33.10,2,10,59.89,6833.07,550.68
55906505,13930271,429,991.06,5,3812,64.85,6495.83,534.27
14574474,3561753,65,264.24,4,795,58.33,5957.81,509.93
5752701,1185018,115,108.23,2,285,69.33,6063.01,533.46
1603543,247863,29,35.12,0,10,70.56,6854.08,525.73
16209118,4153159,403,318.36,7,836,65.7,6996.29,523.1
7691459,1779315,102,138.07,2,369,63.81,7020.47,516.34
1579716,249924,27,33.62,0,10,65.43,5772.31,518.72
20051056,5222913,127,382.06,4,1010,63.08,6471.78,477.9
2905988,464567,90,51.79,1,141,64.72,6155.57,498.3
44559666,11607319,88,794.78,3,2886,59.29,5961.16,510.13
37114621,9761160,460,678.13,4,2250,61.22,6734.51,471.36
1616091,256316,41,34.38,6,10,67.7,6894.92,494.47
13347054,3342908,66,241.56,2,733,58.71,7045.53,487.05
1621552,257035,34,35.31,3,10,62.99,5959.86,514.25
1603447,259203,25,35.74,1,10,59.34,5781.94,532.91
31392228,8167787,108,555.77,1,1795,59.03,6777.33,472.71
1584779,249301,28,32.49,2,11,59.67,5996.4,550.61
9845313,2529393,137,183.61,3,497,61.22,6894.4,514.39
1599296,254498,35,33.62,2,11,68.76,6478.54,553.48
45677178,12035943,285,887.02,7,3019,67.55,6337.08,538.07
2293819,394509,64,44.22,3,28,58.78,6400.21,554.9
29923733,7879393,207,533.42,3,1711,61.48,6865.87,487.34
17355848,4357381,78,316.68,1,898,61.26,6378.49,497.65
20768173,5564500,61,372.50,3,1052,69.14,5790.4,556.76
49191397,12521773,131,881.31,0,3334,66.53,7015.77,566.25
41623589,10491102,125,735.67,3,2644,65.27,6321.58,535.52
22178036,5678631,82,396.12,5,1150,65.62,6183.12,551.24
21225757,5606991,106,380.77,1,1088,66.23,6227.3,556.13
2285525,274233,72,46.93,3,22,66.87,5807.59,572.58
53199324,13344591,195,956.86,3,3574,69.27,5933.31,529.85
56378599,14145547,90,1012.69,3,3735,65.14,6941.29,559.78
78390724,19396760,350,1400.12,5,5609,70.16,6699.07,548.48
102618790,24521582,468,1843.22,5,8003,61.26,6211.79,551.39
35866163,8802318,143,657.53,5,2533,62.92,6786.87,559.48
81733156,19846721,163,1451.37,4,6068,61.5,5170.54,549.57
92652279,22546514,440,1683.67,7,6912,70.46,5646.67,502.9
55109589,13812867,93,989.86,7,3672,63.81,5711.55,583.46
50151737,12711532,112,905.38,6,3359,62.89,5384.81,563.85
71647343,18355465,190,1293.90,4,5076,68.69,5143.21,569.9
67401184,17331385,150,1211.05,3,4634,61.31,5652.91,507.32
32783833,7973657,212,598.66,3,2304,64.35,5870.15,501.46
49771928,12392981,370,927.95,7,3226,66.18,4926.54,513.05
34090554,8376149,151,626.29,3,2400,67.98,5377.17,533.07
25825523,6320314,190,487.70,4,1657,62.82,5024.52,583.58
55190865,13579155,175,1001.85,1,3669,60.8,5657.3,510.55
51820473,12734144,166,924.33,3,3518,66.79,5423.97,573.11
14536810,3524008,80,267.96,4,752,65.68,5847.83,543.93
62979376,16013568,230,1177.17,11,4407,59.22,5566.91,546.75
29862152,7320071,88,544.20,4,2035,63.51,5829.66,560.26
77289283,19245884,410,1433.91,2,5512,59.67,5388.44,557.57
78345919,19397262,470,1434.63,3,5592,59.38,5256.35,523.09
76198431,19201124,414,1408.09,9,5429,58.94,4974.22,532.49
60851623,15696405,453,1156.17,7,4121,63.06,5764.1,491.61
44398713,11274287,189,805.32,3,2897,68.53,5136.56,499.14
37155593,9258133,176,679.54,3,2598,59.13,5231.25,567.96
26484601,6586162,120,483.75,4,1730,61.34,5716.0,564.69
63366000,15857889,233,1182.91,9,4428,57.79,5887.4,494.67
46132088,11438415,72,829.48,3,3040,61.09,5126.2,580.3
17679140,4252242,110,321.40,2,1093,68.16,5490.2,588.06
52897590,13341832,222,955.56,2,3570,58.51,5665.04,506.65
59934740,14974475,334,1118.89,2,4103,64.5,4996.13,577.87
48660705,12098941,105,875.07,6,3171,68.84,5434.17,531.01
63717449,15718175,125,1153.59,1,4449,62.74,4967.02,582.17
26646149,6585416,237,524.43,6,1714,59.51,5629.97,564.93
49626059,12321983,215,933.85,2,3227,61.61,5364.29,591.75
96398710,23305027,503,1727.42,6,7133,60.94,5305.47,504.54
60003048,15400665,415,1127.32,4,4081,62.74,5081.13,565.28
48612406,12429797,785,903.71,3,3142,69.71,4980.53,575.91
40357050,9899048,248,732.87,2,2724,66.62,5784.95,532.66
88396393,22210209,140,1583.07,3,6667,59.04,5451.3,567.32
18608935,4465600,106,340.23,6,1133,64.51,4989.31,516.4
59936381,14902672,275,1091.10,5,4104,69.26,5966.77,546.32
24334876,5855834,121,443.78,1,1572,67.84,5681.47,570.62
75282093,19373071,114,1374.62,2,5407,64.3,5243.52,539.24
70104652,17694365,670,1275.42,3,4893,68.54,5559.72,524.46
59340039,15165057,118,1073.52,1,4068,58.42,5193.34,574.02
81563213,20362129,603,1511.01,5,5808,60.62,4979.79,565.43
89905082,22232211,439,1646.32,12,6795,66.71,4982.8,555.43
104354322,25554806,715,1903.63,5,8166,61.89,5303.09,520.27
70737448,18254373,165,1327.89,6,4996,59.46,5003.47,523.63
26787308,6651929,138,495.42,2,1742,68.23,5210.23,491.37
35986171,8987239,156,661.22,1,2531,65.47,5389.26,593.17
29952158,7314106,322,585.86,8,1973,69.08,5022.1,504.77
42937774,10849728,122,774.04,1,2870,65.45,5188.85,572.44
95694437,23234011,139,1709.54,1,7130,64.36,5307.08,550.54
47182268,12119429,223,895.35,5,3129,65.1,5175.52,494.41
64991334,16108987,221,1162.11,1,4485,58.42,5456.36,529.69
95479663,22852085,242,1713.27,1,7117,70.09,5117.82,547.2
31177338,7465984,117,568.38,1,2220,68.68,5239.04,549.16
16250874,3898662,59,296.37,2,878,65.03,5835.81,532.9
34808161,8490403,174,634.26,6,2465,57.84,5690.98,574.5
58559894,14830903,314,1097.74,9,3894,69.13,5534.4,583.62
51466801,12806693,196,950.03,3,3502,69.71,5331.78,585.45
85017613,20825480,143,1516.67,4,6385,62.33,5729.13,580.49
63847981,15761250,195,1149.74,4,4447,69.58,5914.5,553.71
64252336,15793600,136,1152.56,0,4462,57.71,5376.47,570.96
25604863,6211518,160,468.72,3,1643,66.89,5606.53,525.4
77480055,19378416,186,1418.96,2,5553,64.64,5245.9,498.58
32439306,7805203,103,591.44,6,2275,64.18,5616.7,538.67
95569631,23784507,193,1689.13,3,7132,59.11,5586.6,582.53
47032308,12023430,351,889.96,7,3108,61.43,5335.84,534.44
81786395,20434597,190,1464.16,4,6063,68.05,5864.77,497.37
43468450,10748611,150,790.36,7,2883,58.06,5409.48,591.88
72830143,18223191,331,1349.93,2,5168,64.66,5332.34,541.84
25503128,6341483,120,469.31,1,1639,68.92,5174.83,578.74
69139354,17739651,281,1244.03,4,4861,63.16,5733.62,494.41
43712678,10953562,180,793.59,4,2883,69.41,5700.99,490.61
39558461,9980958,177,754.60,4,2709,64.62,5730.17,568.34
25912488,6506676,650,474.71,2,1625,67.18,5071.34,589.69
19719041,4744402,73,358.92,2,1205,62.19,5968.19,504.96
60188022,15343808,144,1098.41,7,4107,63.52,5837.49,507.42
38139678,9251857,191,691.45,2,2637,66.76,5145.71,498.89
104703010,25229348,406,1852.64,4,8299,62.61,5402.58,542.63
51292702,12596892,188,957.59,4,3445,66.78,5898.33,519.27
50967379,12767662,181,947.00,1,3389,64.23,5278.9,512.78
90928371,22272731,146,1643.78,1,6867,59.62,4913.55,583.91
71284910,18259146,263,1289.62,2,5015,62.77,5470.55,504.41
66115994,16755541,632,1253.68,3,4518,62.28,5022.45,537.09
40663741,9986366,120,743.47,4,2766,63.9,4921.37,552.63
60547597,15111982,518,1135.13,8,4123,62.03,5190.12,577.26
64789564,16276254,676,1182.85,7,4448,61.85,5752.8,518.63
27579402,6691901,117,520.47,3,1829,63.6,5803.32,536.84
83428608,21008254,244,1514.78,2,6173,66.94,5515.42,551.1
43869078,11121711,147,811.15,4,2881,68.49,5264.72,546.02
27737267,6662216,147,504.50,2,1833,58.02,5807.78,509.87
70879058,17745506,191,1272.57,5,5004,58.83,5188.06,503.06
30077889,7382972,105,551.33,2,2064,66.34,5387.57,535.43
24357222,5969661,196,458.63,4,1564,69.3,5534.19,558.35
2151437,406711,30,45.95,4,67,59.96,5065.98,520.43
47222475,11905954,169,857.60,2,3174,57.86,5580.23,551.67
104988644,25690425,770,1919.67,11,8253,68.84,5187.31,551.66
59650439,15223342,793,1075.68,7,3971,69.76,5155.51,569.96
27236972,6897639,126,498.39,2,1720,63.6,5222.76,490.05
103760639,24824094,453,1876.95,6,8186,62.32,5237.62,569.1
54580969,13569996,125,975.35,2,3690,58.67,5148.25,519.65
29989667,7338660,128,545.56,5,2010,62.8,1209.72,773.96
65953441,16660611,191,1203.49,2,4601,62.12,1284.95,912.02
22958074,5623538,106,416.29,2,1465,68.83,1209.17,861.84
34379392,8470181,175,628.79,3,2396,63.57,1165.93,931.65
26956123,6700580,72,491.47,2,1715,64.79,1302.26,915.59
34671149,8791413,371,703.49,9,2380,63.3,1326.72,818.2
35576447,8851093,238,658.69,5,2537,67.48,1265.81,928.93
25509863,6322303,79,465.29,1,1681,65.12,1289.53,783.08
37071651,9095057,165,721.03,4,2642,66.39,1258.36,939.71
63998374,16014831,542,1220.98,7,4466,68.5,1345.89,919.08
58288328,14548193,171,1071.30,1,3931,59.98,1358.69,849.33
32646718,7936250,110,590.82,4,2244,69.79,1348.84,864.23
78080578,19717086,449,1456.03,8,5598,69.8,1134.57,847.45
89853844,21907315,320,1599.39,4,6868,61.32,1150.98,834.88
57707741,14718843,185,1071.80,8,3932,64.35,1344.05,855.37
101227348,24201085,331,1788.57,3,7726,62.87,1253.45,858.29
51686085,12876017,396,925.56,0,3494,67.53,1210.69,796.02
41369978,10511757,225,772.68,4,2817,60.4,1352.67,866.44
74415623,19160112,144,1340.03,4,5347,65.0,1357.87,844.83
48705864,11931232,115,869.80,4,3215,68.73,1290.06,887.57
62397361,15573593,178,1128.99,2,4390,65.71,1217.52,807.12
69958978,17747586,154,1265.03,3,4943,61.4,1222.27,779.05
23486040,6037527,501,429.74,2,1441,68.59,1324.18,857.97
100728013,24018973,204,1770.63,3,7721,61.32,1153.93,849.4
73819979,18970448,184,1337.64,3,5298,60.91,1281.2,935.1
98934265,23574172,148,1732.39,4,7565,60.63,1282.37,835.88
2142054,407767,30,46.10,3,68,61.09,1372.01,926.32
17785875,4466791,98,350.24,3,1026,66.74,1223.18,784.24
84881767,21410437,341,1551.38,7,6396,64.76,1144.24,907.73
98979211,24592778,329,1782.06,5,7561,65.52,1249.61,858.93
30859239,7556563,140,559.82,3,2085,69.61,1255.21,816.2
18971592,4867385,115,350.54,2,1057,61.63,1373.11,834.49
51769753,12777690,228,930.64,2,3560,62.6,1326.4,793.35
52092802,12839330,228,936.46,1,3578,64.08,1304.47,906.25
105875115,25168338,645,1880.81,5,8438,63.44,1147.72,866.51
35767782,8748221,109,657.09,3,2580,66.1,1186.66,774.87
90459509,22275877,292,1641.10,5,6895,59.18,1260.3,938.74
85498012,21270703,205,1535.20,3,6436,69.83,1376.15,881.85
53061816,13329003,183,962.79,2,3617,69.73,1152.15,909.21
69002261,17433509,273,1284.14,2,4843,57.96,1327.31,851.11
76217622,19738537,451,1441.64,10,5457,65.41,1136.26,935.9
30120217,7391846,97,545.80,6,2010,59.01,1289.29,818.54
24885511,6275708,112,452.84,3,1602,69.27,1182.73,789.2
10442768,2628587,78,193.95,4,550,66.46,1189.48,779.88
21901390,5521924,63,399.85,4,1405,64.21,1131.25,929.06
33883288,8261364,110,617.49,4,2359,66.24,1293.5,798.82
52659014,12999005,336,970.33,2,3604,66.82,1164.39,821.3
85501429,20939892,270,1536.88,5,6436,60.42,1141.93,895.73
57176449,14333280,409,1049.41,7,3793,66.15,1242.49,926.56
21326268,5375084,87,389.41,1,1337,61.92,1287.78,896.79
99612428,24267756,596,1789.90,1,7559,65.56,1288.17,866.63
34416123,8669735,149,643.93,4,2397,65.33,1165.22,833.84
95229610,22867694,330,1732.22,0,7143,62.46,1297.57,857.17
103377506,24461314,180,1837.34,4,8180,61.81,1248.19,836.0
104437811,25036665,715,1911.17,4,8193,65.93,1163.51,829.36
25523579,6419486,85,465.40,3,1687,67.87,1224.1,837.63
34132487,8492336,266,627.01,2,2358,58.94,1215.24,933.76
24958532,6286112,103,452.34,1,1624,69.88,1199.66,837.98
40891402,10197853,124,746.23,2,2814,65.67,1341.95,836.66
35470086,8846353,139,647.16,4,2538,62.35,1163.25,841.95
14375640,3859611,194,286.40,7,794,62.74,1156.05,846.97
28861970,7274427,119,527.94,6,1910,67.69,1306.92,849.24
50885493,12840539,644,981.65,6,3334,66.8,1199.65,823.83
64318436,16121887,150,1163.43,4,4507,61.24,1126.59,890.64
101856449,24231898,251,1810.02,4,8024,69.87,1205.23,875.71
40164498,9843292,126,728.41,4,2781,60.46,1214.89,882.68
14973514,3943350,272,295.35,5,811,66.22,1177.07,813.98
23565475,5816900,92,426.76,2,1476,69.46,1303.7,852.61
47143492,11698786,135,848.39,1,3176,59.65,1279.96,837.01
65546674,16564054,284,1203.99,5,4559,61.41,1276.37,912.91
26429408,6801639,110,490.58,0,1698,68.77,1355.78,917.53
96821156,23183174,178,1703.97,3,7369,68.11,1173.51,939.42
60928885,15245936,327,1156.84,5,4190,66.83,1256.41,812.99
43494960,10938514,740,795.41,5,2848,65.13,1342.94,877.31
64265457,16592388,226,1205.43,6,4497,60.7,1283.06,804.51
38056898,9300804,88,693.17,2,2681,61.54,1370.17,810.63
43533213,10688461,205,788.44,4,2927,69.83,1310.28,815.05
39827885,9677481,104,722.77,3,2758,67.47,1207.54,806.9
37773048,9328656,202,694.33,1,2675,60.73,1279.92,930.54
85592569,21762918,392,1560.65,4,6427,70.03,1305.67,895.0
24995695,6101212,141,452.99,0,1645,68.73,1270.51,861.02
22257664,5495899,146,403.56,3,1411,67.29,1343.55,772.96
16480655,4142520,101,307.52,1,966,69.8,1343.19,783.51
44100661,11038890,88,802.08,1,2935,61.62,1352.99,791.56
81379460,20614354,395,1469.50,3,5903,66.91,1285.03,794.59
50599449,12369346,134,907.22,6,3418,70.64,1357.51,939.88
16127920,4131541,84,310.61,0,962,58.34,1198.28,808.77
34699045,8513838,347,631.01,4,2396,60.43,1335.3,893.46
89291334,22284500,160,1597.91,2,6800,58.09,1190.41,875.67
40116934,10094307,229,748.69,4,2760,57.99,1302.33,794.4
27190392,7040926,598,519.43,6,1698,61.76,1157.15,793.11
105443502,25450554,467,1925.52,4,8444,66.28,1217.83,814.89
23351283,5748453,102,422.74,1,1471,67.69,1282.19,827.78
1563048763,6374609,5073,22102.75,6,1699,65.16,1317.39,832.76
1557230092,7132371,5654,22102.40,19,4316,65.83,1199.0,837.93
1556391823,6461936,4880,22045.41,6,4413,70.72,1300.44,896.38
1166214472,4336181,3239,16494.62,1,4486,62.38,1230.35,798.03
1556025620,5825218,4424,22043.81,4,4449,69.08,1226.25,905.62
790720188,3007811,2103,11169.00,5,4384,59.63,1349.79,865.4
770551476,2694856,1616,10967.04,2,11,58.63,1363.34,796.85
788448118,3754421,2996,11144.15,0,4418,65.7,1183.44,865.44
762353519,2246520,1628,10810.17,8,13,1.81,778.52,19.12
516742574,2389287,1665,7291.04,7,4536,1.63,934.27,17.98
792216532,2942637,1985,11182.88,3,4706,1.89,776.81,18.34
1555793635,5292733,3899,22000.55,8,4442,1.9,853.51,17.95
757581090,3787525,3682,10762.39,8,9,1.81,900.23,21.16
790393514,3127686,2282,11169.32,5,4365,1.95,848.28,20.93
1556475996,6476960,5004,22076.62,6,4391,1.81,899.52,18.79
769313564,2799692,2247,10936.54,4,19,1.92,866.78,20.11
987562810,4108059,3259,13972.14,11,4378,1.69,892.59,20.47
1145025736,3957982,3171,16249.33,11,15,1.73,809.55,18.11
1170975099,4318680,3152,16577.93,2,4626,1.89,792.39,18.04
1176668305,3821345,2581,16637.55,1,4525,1.92,772.43,17.58
1546106836,5484908,4169,21922.21,7,4223,1.64,877.43,18.67
1168485703,5785593,3975,16559.72,8,4444,1.78,850.11,21.03
384783950,1524046,1316,5466.12,2,4,1.99,788.2,20.5
789901366,3315464,2401,11170.47,6,4521,1.79,937.58,17.52
1169548996,5016229,3930,16552.65,6,4451,1.66,893.63,20.6
1172396442,4255465,3122,16594.32,9,4349,1.97,811.42,19.96
1173412251,4306528,3225,16612.26,6,4168,1.92,816.62,19.23
767867907,3568501,3340,10898.57,3,24,1.82,898.28,21.14
759252604,3268283,2223,10787.28,11,11,1.81,775.18,18.26
797551917,3442936,2650,11284.64,6,4646,1.96,927.79,20.7
765574049,3052178,2114,10874.03,5,15,1.84,792.44,19.13
1167573259,4842805,3748,16537.61,13,4306,1.87,936.78,20.39
765805365,2382307,1800,10859.02,3,10,1.73,901.34,18.97
771224151,5150855,4409,10984.98,11,10,1.76,920.66,20.09
787560393,3627742,2910,11138.19,3,4293,1.77,836.48,19.07
793482494,3142282,1677,11226.09,8,4491,1.92,898.82,19.05
1555401461,6427809,5167,22048.79,12,4200,1.73,863.18,20.63
1555665891,5499963,4100,22053.11,14,4489,1.69,825.93,18.77
780515191,3310324,2432,11028.82,5,4303,1.89,909.64,20.05
748923113,3034182,2576,10630.95,2,9,1.92,934.0,19.18
787240802,3114914,2231,11125.38,3,4114,1.81,771.69,21.02
792648673,2914487,2062,11185.75,4,4419,1.96,812.41,21.1
1179124568,5083561,4056,16694.53,10,4665,1.76,779.16,20.56
767696605,3900301,3564,10907.27,7,16,1.96,868.57,17.94
1555952511,5260260,3895,22010.47,5,4507,1.65,773.05,20.58
1146331316,4245661,3515,16274.52,5,18,1.8,832.1,17.99
759948956,2809036,2287,10786.29,2,12,1.8,823.4,19.06
1147262211,4184921,3442,16292.75,1,21,1.87,791.92,20.88
761877506,3162738,2684,10802.44,3,9,1.95,938.23,19.54
1149561257,4255821,3538,16336.81,10,27,1.79,905.21,19.17
778064751,1941452,1256,11035.31,8,16,1.86,919.08,20.69
783012521,3568868,2711,11070.91,8,4540,1.97,830.34,19.09
1172465571,5078743,4091,16600.56,5,4127,1.81,820.5,17.53
765333720,2927615,2418,10855.09,3,9,1.92,932.94,17.66
783974807,2933027,2132,11083.11,6,4117,1.97,881.09,20.69
763775936,4027868,3872,10851.41,2,12,1.71,816.83,17.64
1175208645,4255990,3129,16619.33,4,4624,1.64,816.19,19.52
766157330,4029426,3928,10890.73,8,18,1.73,796.8,17.46
1174830985,5148490,4350,16640.99,4,4299,1.8,871.07,19.63
791734040,4099323,3288,11198.72,16,4530,1.66,898.43,19.76
768009683,2806788,2258,10911.43,5,15,1.92,892.49,21.13
1180946635,4545444,3335,16721.20,3,4513,1.92,832.51,18.73
1149094784,2919466,2006,16310.05,4,27,1.85,788.09,19.95
782426198,4209065,3086,11062.13,3,4361,1.8,827.87,18.76
1171874325,3556577,2362,16576.96,7,4522,1.86,798.78,20.24
764622888,2557214,2011,10856.19,2,10,1.77,844.16,18.5
787854517,2985536,2088,11151.01,3,4426,1.68,882.94,21.06
1168956364,3962539,2702,16534.70,3,4613,1.7,900.04,18.38
783870315,3372615,1948,11073.90,3,4537,1.63,794.58,20.53
1171848024,3665788,2458,16572.28,3,4396,1.66,826.41,20.88
769925506,2500393,1966,10905.67,10,9,1.65,900.29,19.53
762105545,2493441,1951,10778.79,5,11,1.65,775.85,19.22
786264236,2798869,1860,11094.56,0,4488,1.69,779.66,19.95
763261923,3020392,2511,10816.77,4,19,1.88,862.01,19.41
1142740644,3816602,3087,16205.80,2,34,1.89,890.64,18.44
796417954,3388374,1849,11275.02,3,4520,1.91,884.55,18.79
1171085415,3706355,2518,16542.96,4,4513,1.82,845.46,20.23
757090392,2979891,2551,10745.94,2,14,1.64,865.9,19.59
761156012,2686652,2092,10792.36,10,9,1.66,859.57,17.85
834960176,2976956,2067,11798.32,4,4557,1.77,823.29,20.97
1147349089,4097511,2845,16288.48,7,19,1.77,905.11,18.79
1169136318,3831984,2617,16540.55,5,4323,1.76,820.68,17.51
1156560309,3986124,2789,16405.45,7,21,1.71,795.43,17.93
759825821,2751539,2250,10772.80,6,15,1.82,851.99,18.17
1171873658,3664084,2405,16559.00,7,4640,1.99,789.96,21.21
764534952,2851881,2370,10820.41,1,15,1.72,831.03,18.35
767296014,2489869,1958,10877.20,6,14,1.79,853.47,20.57
765173331,2969371,1711,10849.21,7,14,1.93,806.15,20.55
1126043178,3785633,3062,15985.98,4,22,1.84,832.72,19.97
1144631636,4000665,3147,16216.83,7,21,1.86,792.68,18.41
767613241,2330637,1774,10887.90,2,13,1.73,836.99,20.45
1555937241,6268391,4558,22005.31,2,4384,1.89,824.5,18.11
1360331298,4346108,2979,19262.83,9,4519,1.75,828.0,20.29
1059445799,4522600,3543,15035.27,8,21,1.96,771.31,18.16
796880928,2174140,1118,11243.20,2,4572,1.87,932.2,20.42
1171494155,4108160,2784,16555.96,7,4514,1.86,836.24,18.61
388677353,1415120,1081,5513.31,3,19,1.79,923.58,19.82
1177571205,3611099,2410,16650.35,3,4522,1.75,831.29,17.64
1145975177,3423368,2585,16250.82,3,19,1.8,867.39,17.76
788529146,3899932,2488,11139.43,7,4529,1.74,853.6,19.58
