5.970025033
6.207285798
5.995117206
5.908751743
5.970376286
5.971952061
5.951601216
5.942283307
5.951291209
5.965209691
5.941885346
5.984589307
6.032452849
5.942890695
5.983984378
5.974999759
6.013197143
5.946292857
5.960543863
5.942162095
5.979857971
6.024947215
6.125718347
6.014312846
5.963782068
6.004505242
6.018142989
5.946304865
6.002630789
5.962219672
5.972565110
6.141759345
5.936675590
6.000499141
5.945500282
5.936870918
6.008942598
6.006340328
5.942724334
5.949635968
5.935443014
5.954932851
5.997148050
5.992961756
5.923112908
5.992537048
5.934552141
5.937573213
5.912134828
6.000966277
5.994483695
5.945984187
5.992884965
5.939568632
5.980412819
6.024105542
5.971280968
5.984322201
6.018195773
5.983440236
5.972620581
5.964990232
5.985621335
5.885557393
5.907853522
5.924607072
5.902908280
5.866348499
5.923591675
5.857153426
5.898331351
5.875516296
5.900887473
5.882282218
5.906603138
5.961188776
5.930657580
5.878897555
5.936696501
5.877057350
5.920418316
5.894007182
5.880943012
5.943333778
5.925906540
5.863503350
5.873289033
5.955935613
5.885312540
5.919798610
5.902971635
5.875890245
6.069025557
5.926504359
5.875825844
5.899857505
5.845715937
5.902320861
5.890527205
5.918463677