0.0527959
0.1656418
0.0274948
0.7895892
0.0377461
0.0290551
0.3369385
0.0423969
0.0501237
0.0342920
0.0283747
0.0283223
0.0296752
0.0372514
0.0466356
0.0501237
0.0793358
0.0297787
0.0271513
0.0313046
0.0325968
0.0873798
0.0334435
0.025464
0.0856195
0.0347147
0.0346542
0.0329821
0.0394873
0.0377958
0.0223925
0.0294383
0.0252867
0.0898142
0.0361687
0.0236763
0.0301864
0.2043038
0.0322483
0.0570064
0.0310246
0.0436127
0.0265928
0.0301295
0.3292792
0.0219600
0.0307784
0.0327875
0.3594067
0.0243946
0.0273426
0.0259726
0.0414393
0.0291613
0.0322759
0.0288896
0.0277064
0.0503416
0.0275938
0.0430444
0.0256867
0.0327728
0.0403636
0.0313345
0.0260942
0.0266105
0.0585163
0.0290931
0.5125969
0.0295758
0.3607355
0.4697168
0.0213566
0.0319185
0.0302460
0.0412453
0.0644604
0.0110006
0.0272773
0.0398256
0.0613034
0.0342702
0.0304357
0.0357188
0.0353258
0.0256442
0.0231075
0.0314471
0.0306822
0.0366665
0.0649287
0.0329306
0.0218522
0.0421031
0.0803637
0.0187403
0.0219145
0.0303490
0.0274029
0.0259721