1330931,162360,9,25.23,4,6
6749927,1515265,54,118.78,1,329
2231160,314509,46,38.52,3,76
51604372,13075048,188,907.98,2,3555
32034107,7980657,103,558.91,4,1960
64266841,15186220,184,1112.86,2,4743
20912005,5163120,87,363.23,2,1052
42826906,11067498,84,757.11,2,2865
18789481,4690350,101,325.79,3,956
55321204,13924228,115,971.14,3,4018
5802186,1165165,49,99.63,3,291
9818868,2258734,56,173.18,3,478
25494088,6623265,157,444.39,3,1417
76036624,18094399,187,1321.47,3,6112
30889608,7919285,66,543.16,3,1899
5890642,1185822,35,99.12,4,292
35811758,9218031,52,626.99,0,2294
50759273,12375438,87,886.33,4,3503
1289448,134376,14,25.21,2,7
10919137,2593475,92,194.65,2,534
1313295,149571,21,26.39,6,6
15053597,3885247,398,264.29,1,696
71410593,16728000,77,1236.73,1,5371
48984136,12237657,281,861.42,5,3361
23654451,5920799,52,414.05,2,1380
1129177,76398,7,20.53,0,1
1151892,94773,13,21.78,6,1
4487418,810291,48,77.00,2,228
53012813,13458969,1034,939.80,1,3556
59511961,14536063,202,1044.39,3,4441
20921962,5191691,176,363.74,4,1049
21522428,5335090,98,371.43,4,1114
60703679,15384547,766,1080.67,2,4467
29208587,7501599,109,513.66,3,1712
14971251,3776893,80,260.60,2,708
146888,48998,7,4.04,0,0
25328915,6506907,89,439.84,3,1416
1386580,212371,48,28.30,1,6
1335128,157275,32,26.45,7,6
1252988,132242,32,24.50,2,8
49081892,12428024,145,875.80,4,3385
67316993,16482621,158,1162.54,5,4956
55067893,13882150,190,966.13,2,4002
11078040,2594591,46,196.36,2,538
5429469,1005425,49,94.20,3,291
49475197,12202747,110,872.50,2,3417
34626513,8626493,118,610.01,3,2236
6814696,1535021,81,116.71,4,329
1300705,137382,14,25.64,1,7
7956659,1809251,48,138.86,1,393
1340075,158861,14,24.78,0,6
21748465,5351043,89,374.37,4,1156
8350285,1934769,68,147.21,2,409
50038531,12666638,112,881.34,1,3471
21705783,5336046,72,372.71,7,1157
4526837,800593,32,75.12,1,239
20794362,5100318,110,356.22,0,1048
1336871,160699,35,26.92,3,6
12801385,3221551,77,225.09,1,596
71877374,16892055,165,1231.33,1,5374
20951556,5285604,60,361.08,1,1053
44078922,11013552,133,778.28,1,2986
7020847,1575685,58,125.64,3,340
36478745,9269257,94,648.09,2,2314
50058591,12261170,106,872.79,2,3470
9317000,2146027,84,164.10,2,456
6531501,1483554,111,114.13,7,299
8149367,1903895,63,148.33,0,404
26200613,6487775,79,452.90,5,1475
11385619,2743654,50,202.93,0,539
46533227,11858893,142,829.49,2,3170
36914579,9186241,95,646.11,4,2340
2927725,416559,51,48.67,5,176
33741599,8780186,295,597.90,2,2106
57504326,14129703,128,1013.74,1,4226
68017667,16392994,155,1185.68,6,5141
44776546,11423976,115,800.27,1,3036
68867181,16331400,228,1200.43,2,5164
6308317,1388689,43,108.45,1,292
1319352,143464,17,26.12,4,6
40957554,10406394,82,721.70,0,2719
1318420,147752,10,26.32,2,6
145721,46703,8,3.92,0,1
13643978,3277442,65,235.84,2,627
48842454,12257266,117,865.21,7,3369
1318517,139644,16,25.56,3,7
10708873,2480855,72,189.70,4,531
16028836,4249938,154,293.77,3,724
4848082,886322,50,83.76,1,259
1311307,142159,20,25.50,5,7
21542633,5319131,62,372.73,1,1131
50164051,12343487,114,880.08,1,3473
50238363,12692745,50,888.47,3,3481
62706893,15139521,143,1097.38,5,4692
50763058,12512937,194,887.09,0,3489
22525167,5610295,77,390.16,1,1216
8488409,1885087,43,148.12,0,423
45210230,11343728,125,803.27,1,3062
29158085,7281937,77,513.39,5,1711
3873419,680847,61,65.92,6,196
1923761,312038,21,38.20,3,28
71875828,18479810,349,1307.97,2,5068
64905553,16495080,291,1181.89,4,4486
19463006,4724234,49,352.43,2,1182
82216660,19891590,175,1454.99,2,6144
70085745,17478909,456,1277.16,4,4888
53933043,13290712,131,951.14,3,3594
45590525,11823980,956,840.83,3,2896
33992447,8182501,68,609.23,3,2409
30520859,7331160,88,550.06,3,2159
25469383,6270541,88,461.84,6,1652
41120141,10031110,197,747.37,3,2764
70803846,18066282,156,1266.36,7,5003
24946931,6152625,114,452.96,4,1625
25126409,6063792,123,451.11,5,1624
38982257,9752688,240,733.11,7,2680
49307520,12121822,119,873.21,6,3225
35441146,8803071,257,647.72,2,2484
24502768,5692311,67,436.41,4,1594
32067340,7805563,71,580.38,4,2270
35197779,8953090,793,641.47,3,2409
27242190,6641096,330,501.21,4,1748
51317034,12458942,141,907.65,2,3500
30857394,7296452,59,556.57,0,2214
30713831,7289666,87,553.96,1,2191
69746604,17465731,433,1269.10,6,4890
29954480,7173521,138,537.12,5,2062
47430242,11593935,108,862.57,4,3143
35562369,8516298,107,639.60,2,2527
28692813,6983156,99,522.66,4,1919
67294379,16864331,111,1207.57,1,4634
19872902,4758523,68,355.98,3,1233
59578082,15085862,176,1098.14,2,4084
25283439,6244280,148,462.74,6,1628
25632035,6145606,70,459.31,2,1658
23719809,5562971,91,423.61,3,1517
6056077,1191483,64,108.98,3,317
25417628,6092997,98,458.54,3,1639
19528085,4792712,96,368.05,7,1181
31561653,7478073,109,572.21,3,2259
40419375,10109220,150,739.12,0,2761
19995576,5008179,417,368.08,4,1168
21518620,5287744,72,389.81,7,1359
73396421,18682460,133,1313.68,2,5224
21616872,5138900,103,389.16,1,1365
34401931,8336935,141,621.00,1,2454
23649031,5628146,232,422.75,3,1471
25532789,6104594,65,458.66,2,1656
68296299,17504471,214,1223.58,4,4720
85464892,20789009,193,1510.69,4,6391
1884510,303763,17,36.78,2,30
32154405,7708595,117,577.29,2,2270
58156826,14866396,110,1039.52,5,3919
73823267,18391057,254,1335.26,1,5258
24144818,5654215,75,428.71,1,1574
71823107,18381008,214,1285.01,2,5074
34023403,8236831,79,613.63,1,2408
71435432,18362895,635,1309.82,4,4998
17235345,4070805,71,309.66,3,1086
35769130,8630384,153,650.25,2,2530
100076463,24651839,190,1761.53,2,7598
35813290,9020980,583,673.46,2,2483
23063828,5521633,91,432.39,5,1411
74043571,18615310,198,1330.17,3,5292
30807809,7297730,77,552.33,4,2213
48652352,11984375,204,875.08,3,3168
44417857,11640064,552,833.11,3,2878
37611000,9168209,71,679.60,1,2626
30290950,7672702,746,571.55,5,1927
84066260,21400075,600,1521.25,7,6175
59163697,14626522,145,1054.15,2,4067
81657279,20138220,210,1482.52,0,6010
37217205,9115336,426,673.23,4,2586
25067965,6152876,76,458.17,4,1624
42249880,10650946,613,791.28,6,2765
91458782,22089032,170,1616.78,4,6878
68899599,17749810,472,1272.82,3,4771
75146880,19185686,185,1352.99,2,5366
36252451,9058952,123,659.61,2,2568
80213442,19855144,172,1439.56,2,5754
31164016,7534173,100,567.04,2,2236
36860062,8918699,251,684.19,6,2588
94007643,23538153,844,1669.30,6,6960
72482305,18811825,456,1321.58,4,5117
34209636,8786885,572,644.61,4,2365
63590390,16201246,1216,1141.59,4,4277
69219520,17415582,330,1262.82,5,4864
80010037,19708452,427,1441.74,2,5714
23762610,5728876,163,443.86,7,1489
66799853,16504777,187,1196.47,0,4607
38656842,9486919,101,701.04,0,2674
54945737,13542404,173,993.86,4,3658
83264971,20202579,133,1471.50,2,6171
43725156,10854064,100,780.35,4,2879
34460520,8400260,219,655.02,7,2431
70308000,17428207,136,1247.93,5,4951
34623243,8953310,687,629.91,5,2377
30699614,7422060,158,562.44,2,2169
32910403,8026344,97,598.80,2,2344
42298823,10442895,137,759.26,5,2832
1454705,208515,16,26.86,0,8
46445344,12236977,396,860.25,4,3135
1450164,198668,29,27.66,5,7
17009062,4437884,72,301.06,1,839
6035943,1349012,180,106.49,4,292
37002512,9644108,109,653.22,3,2349
148653,47980,7,4.02,0,1
26620376,6712211,54,461.61,3,1497
29464317,7354669,84,516.39,3,1723
17088812,4535788,230,332.39,9,808
145019,48725,7,4.02,0,1
49231421,12598543,98,874.10,1,3394
51136918,12906805,68,912.54,1,3535
12120428,2934359,55,216.83,2,597
1426192,189356,18,27.09,4,7
1495059,227312,61,28.83,2,7
17751747,4718152,97,316.43,2,860
144108,48474,7,4.02,1,1
5770716,1168754,65,99.49,8,292
8273070,1897369,61,144.55,2,410
1408174,180935,17,26.86,0,7
9856832,2284254,95,174.53,6,475
1430452,184724,17,27.01,3,7
5573016,1084772,114,96.18,3,292
49975526,12877504,252,925.83,1,3427
74795551,18040461,1087,1332.80,1,5730
1427751,190228,29,27.09,3,7
1413812,184257,15,27.65,1,7
4543929,845389,44,76.64,1,227
1431682,185164,16,27.07,3,7
1448032,198844,30,27.11,6,7
1448379,197387,35,27.74,6,7
1444764,192151,16,27.74,2,7
1460928,204426,36,27.93,5,7
1459942,205607,39,28.18,5,7
46060320,11605805,258,862.76,5,3116
42171398,10640221,89,747.88,1,2794
1467317,209294,33,28.18,4,7
1445100,200706,26,27.63,1,7
34001410,8419589,257,626.44,6,2127
1438606,205262,28,27.99,3,7
2174071,315326,38,37.34,0,75
35988649,9289775,333,638.14,4,2282
1438182,195108,15,27.83,0,7
33749228,8618502,87,589.41,8,2148
3826975,671108,43,64.04,1,190
1427558,179888,14,26.41,2,7
10393371,2450397,156,184.25,1,513
1454969,204774,31,27.88,3,7
70248755,17372976,618,1227.82,5,5237
1424187,184138,16,26.92,3,7
1447661,198299,35,27.48,2,7
1448774,195395,25,27.62,5,7
21636347,5397184,141,389.31,4,1106
1447560,200668,23,27.93,4,7
27152570,6869365,128,472.74,2,1510
1465481,204912,38,27.72,3,7
1437960,187908,15,27.97,3,7
1417645,195216,13,26.95,1,7
22971854,5820096,188,426.33,4,1243
4847137,952309,77,84.69,3,254
71755221,16971080,492,1274.84,2,5370
9964549,2294499,51,174.76,2,487
70161094,16477350,172,1213.44,6,5324
3619049,605031,37,59.53,2,186
23230247,5864449,76,403.81,3,1338
144121,49091,7,4.04,0,0
44936101,11226487,268,797.86,3,3035
50180123,12340496,92,882.25,3,3479
1487373,229673,60,28.04,2,7
20481093,5031474,83,354.62,4,1007
28337033,7054808,90,493.96,3,1582
26563954,6684193,55,461.39,4,1493
58111853,14963916,520,1057.22,1,4235
59359162,14558173,233,1077.49,4,4341
42651857,10727576,149,754.05,2,2840
42689235,10823210,281,757.00,2,2831
6722057,1493136,58,116.31,1,310
20228776,5177734,76,351.05,3,1005
34898117,8874533,109,612.40,3,2246
43331878,10844270,138,767.88,3,2906
9473824,2266477,77,167.31,3,467
47103161,11805191,112,849.87,3,3229
1438082,205130,19,28.04,2,7
50664585,12496733,229,919.24,5,3485
17971005,4842108,308,323.51,1,853
1442327,194722,29,27.83,3,7
1424268,186375,16,27.73,4,7
23225760,5684760,75,401.00,4,1343
1392627,175881,12,26.43,3,7
1416922,183162,16,26.94,1,7
20783848,5050114,47,354.69,4,1058
13178575,3218176,48,231.79,4,607
149091,51162,9,4.21,0,1
12497017,2941478,54,218.86,3,605
30718348,7629226,84,538.77,5,1846
1440259,189502,23,27.74,3,7
1426384,182057,19,26.64,1,7
4135823,727050,53,70.23,6,213
29680688,7292706,70,517.66,0,1725
1357999,162427,16,23.58,1,3
1327241,147376,15,24.18,1,4
7453279,1705383,78,129.96,4,361
41405557,10610624,102,732.29,2,2724
8031905,1859642,53,142.31,2,397
20997733,5162738,88,378.94,3,1053
2640998,380533,96,42.63,4,128
27427772,6723950,112,473.35,3,1532
59453400,14551409,291,1039.39,3,4383
16090800,4143984,73,280.16,2,732
8586461,1906137,57,150.77,3,426
29944276,7517653,119,554.50,1,1715
1298919,140270,13,24.59,0,3
38733801,9628260,71,677.86,3,2454
34242455,8429424,95,595.73,2,2230
9349922,2119067,45,162.57,6,458
7192042,1684558,61,127.74,1,347
36798461,9310615,371,649.32,6,2313
31797256,7891762,75,557.97,3,1952
23450819,5821065,100,417.72,1,1345
43327831,11305628,181,788.60,4,2895
16665575,4326725,70,306.85,3,795
1334451,154679,33,25.83,0,4
1320554,145364,23,24.62,3,3
1128078,75493,12,18.72,1,0
1315951,145251,22,24.99,3,3
58873596,14407517,195,1033.56,3,4286
56904257,14173987,133,1028.85,0,4218
32279045,8213233,188,613.95,2,1961
44648112,11034300,96,783.77,3,3037
1329727,149618,26,24.69,3,3
42471970,11032522,132,775.40,0,2829
26160885,6730009,47,456.62,2,1474
1326994,149750,33,24.62,1,3
1312536,134284,13,23.69,1,3
5927480,1206209,67,102.55,2,290
1273666,133187,30,23.04,2,12
1322472,142415,18,24.53,3,4
48591300,12319801,146,869.93,3,3334
28290179,7010949,92,489.76,2,1574
31300054,7683529,69,551.19,0,1938
6997235,1622364,58,123.87,5,340
29289371,7318244,109,514.36,7,1710
6769865,1473668,63,116.77,1,328
1311532,138110,12,24.55,1,3
51122548,12933762,104,902.37,0,3535
68892982,16822740,192,1194.99,2,5166
1307902,133456,19,24.48,1,3
1337105,162065,30,26.19,2,4
1342612,146664,20,25.37,4,3
1173239,99490,21,20.62,4,0
12146791,2875129,49,214.99,3,594
49187238,12663872,450,938.94,5,3340
70160497,16461711,179,1265.10,2,5333
1127199,82902,12,20.45,3,1
1294428,134910,15,24.46,0,3
1307977,141546,14,24.43,1,4
28327108,7069581,87,498.49,0,1575
1304725,140413,14,24.76,4,3
7943905,1803083,52,141.00,2,394
1301520,137527,12,24.52,2,3
2497129,326322,38,39.87,2,124
13254573,3226651,71,233.71,2,601
1308105,142163,16,25.06,0,3
44841045,11398132,73,795.62,2,3039
1156033,93583,17,20.80,2,1
1326640,147872,23,25.20,7,3
1311251,138521,16,24.78,2,3
44251539,10960888,82,776.99,2,2998
47740607,12310352,86,849.58,1,3282
1320005,141117,12,24.83,1,4
38720248,9845895,205,685.15,6,2431
1347748,158572,39,25.64,4,4
51121096,12695940,377,955.21,6,3499
35704951,8795675,88,626.57,1,2282
9701725,2260176,59,171.76,6,468
18598246,4826912,109,347.97,3,952
26305174,6601853,72,460.74,2,1475
1294926,140960,15,24.73,1,3
1316331,146163,18,24.84,3,4
34567941,8467201,70,603.68,5,2240
16730593,4433473,76,295.56,3,824
40207006,10078468,96,707.72,3,2669
66175641,15554334,131,1140.83,4,4915
147017,48644,7,4.01,0,1
14660052,3591163,45,253.14,5,702
1319117,146398,20,24.97,0,3
67516671,15883769,125,1163.79,1,4977
10508199,2491655,83,186.87,5,509
1332306,155680,30,25.70,3,3
1305202,142787,14,24.89,0,3
27798697,6916987,151,486.41,2,1546
63114507,15719922,164,1112.08,3,4710
61409181,15084632,95,1083.01,1,4660
1298365,138847,18,24.30,4,4
3055026,457088,62,52.23,1,175
69472174,16377819,164,1225.02,2,5242
1301467,140612,12,24.47,4,3
31779070,8138683,117,561.69,0,1951
1340863,155930,19,27.12,1,4
1374953,175910,19,23.77,0,3
19663051,4797530,64,339.30,3,988
1367042,174265,35,26.54,2,4
1389233,180486,48,26.05,1,3
1326149,143368,12,24.63,1,3
1337684,157912,33,25.32,1,3
45896860,11884987,314,850.94,6,3105
27147923,6798495,277,473.03,1,1497
31145080,7680314,81,543.59,0,1914
9430790,2177294,55,165.17,2,459
73143643,17375418,193,1272.80,3,5734
22292568,5633794,158,394.96,3,1201
24287658,5946218,103,433.61,0,1399
1153312,95163,13,21.43,1,1
1328161,147811,13,25.27,2,4
1128240,77528,7,19.26,0,1
3254850,519009,33,53.74,4,180
1309118,142390,15,25.65,1,3
34308194,8753174,89,605.20,0,2237
4245818,757328,33,71.86,4,216
68927460,16309256,356,1247.43,7,5151
5071419,942437,42,86.05,3,271
1319649,140471,12,24.89,3,4
142718,46803,6,3.98,1,1
18126975,4790363,278,326.09,3,866
36225226,9076997,335,636.58,4,2286
1347083,162216,28,26.35,1,3
2696676,346643,49,41.99,3,154
71803336,17168354,99,1244.62,2,5382
1354389,171556,30,26.35,3,4
2679936,340024,34,41.76,4,152
38495690,10265945,733,714.77,3,2371
1170168,100708,30,20.50,1,1
25323062,6477020,194,442.89,1,1411
11818043,2824371,58,208.13,1,564
66465996,15658603,121,1148.52,1,4927
22532825,5775022,292,436.28,4,1201
12924548,3303254,182,230.75,2,597
15447169,4004535,178,267.39,1,711
58045664,14360608,311,1082.28,2,4228
33207311,8261895,193,614.94,2,2072
69162674,16208147,59,1183.85,3,5221
1326807,151209,13,25.63,0,3
59893224,14911867,544,1117.74,0,4374
32320173,8229272,192,587.62,1,1961
1317163,148082,28,24.95,2,3
1316614,143743,17,24.57,2,3
1313021,136212,13,24.11,3,3
9579947,2174600,59,169.99,5,464
1312155,142581,16,24.44,1,3
36596845,9274655,104,648.48,1,2318
1364015,172468,45,25.66,2,3
56093025,13883154,128,1014.75,2,4177
14182133,3568638,76,244.61,1,671
73587326,18051038,525,1365.18,4,5726
32672518,8170967,222,585.24,1,1995
36880845,9790613,657,714.93,5,2291
2732471,378832,73,43.53,4,148
1335045,152011,32,24.91,2,3
1338596,155688,28,25.40,0,3
11398759,2689898,69,200.06,5,541
71566008,17479753,351,1316.42,5,5365
1515934,216378,37,29.80,2,19
16948651,4399596,73,298.36,2,833
53689917,13167205,119,964.24,1,3953
1326627,147702,21,25.02,1,4
39234290,10055650,217,732.53,5,2462
22971998,5869252,325,403.54,5,1226
7003371,1592113,50,124.40,2,337
1158542,87747,21,20.26,2,0
12186202,2872351,58,215.49,5,593
21138353,5248718,53,366.58,1,1063
68908500,16786324,159,1200.06,2,5177
47415743,12272487,129,844.60,1,3262
55430259,13497633,196,1001.73,4,4019
52770340,12887430,255,926.88,3,3638
43885273,10965447,153,771.71,2,2955
26385864,6601819,76,460.70,2,1482
6819368,1592864,94,125.02,0,325
12065714,2989999,99,241.77,5,590
35030683,8590091,88,610.64,1,2260
1304605,133269,14,24.69,0,3
1312531,137588,16,24.60,2,3
47105714,12223462,139,877.71,2,3220
31789035,7909912,110,557.55,1,1950
15286539,3820754,160,265.61,0,712
28109188,7084546,51,494.25,1,1568
58853259,14399599,191,1056.85,4,4285
69671988,16467058,226,1207.03,4,5250
7404872,1828283,251,133.47,0,337
31996993,8086115,77,585.13,0,1952
28319957,7005175,99,492.70,2,1574
66928567,16149647,172,1186.84,1,4935
73396502,17634605,163,1272.93,0,5794
15447665,4123861,86,272.35,1,712
41177041,10329770,94,728.19,3,2722
73516519,18003467,930,1332.64,5,5461
1398832,174802,39,27.11,0,3
71582780,16926060,334,1244.37,5,5368
59983457,15386978,1195,1096.48,5,4250
2064695,367767,37,40.70,2,26
42713441,10802587,129,762.73,0,2841
100652051,24162537,667,1765.28,4,7540
67494411,16697596,278,1233.00,3,4618
47753853,11738469,168,859.56,3,3142
1986250,332125,40,38.75,2,22
82325136,19852478,185,1454.83,3,6071
27434695,6623959,122,496.13,4,1796
53928608,13787615,254,1001.87,5,3582
12897567,3164183,103,240.21,3,691
13998520,3516502,294,281.63,3,719
15250635,3814462,196,278.62,0,752
19790110,5014007,355,395.51,8,1154
5034003,1161433,63,102.84,3,164
79408497,19973281,528,1502.43,8,5643
58980012,14933318,319,1071.14,1,3955
33269027,8105013,173,633.45,4,2336
73782297,18306792,189,1373.23,1,5231
31375457,7558892,125,571.08,5,2215
80490991,20573080,394,1501.74,6,5727
61104017,15295281,147,1095.43,2,4188
33547638,8072027,115,611.79,2,2357
65290453,16268966,232,1201.44,1,4489
65661901,16333617,201,1196.13,3,4517
10367605,2554218,91,191.76,4,486
24294727,5883260,124,441.98,3,1555
24855691,5906031,157,454.62,0,1584
99240979,24046137,307,1774.71,4,7509
57839628,14744473,361,1087.61,10,3803
28886281,7108806,176,532.89,6,1898
68039036,17206393,249,1230.00,0,4700
40951559,10068964,213,780.95,8,2765
23260029,5610114,77,424.88,3,1402
70215368,18242394,291,1298.00,3,4895
35041892,8589674,117,664.75,3,2469
18283193,4395548,94,330.93,0,1110
21155997,5146541,125,383.55,3,1326
96026095,23343287,668,1765.48,6,7096
16010591,3928215,97,320.58,0,768
16319962,3975765,105,293.37,1,838
49986806,12659144,161,896.98,5,3260
88654013,21558376,204,1655.27,6,6665
56751873,14169750,543,1062.45,7,3707
19919185,4793376,68,356.18,2,1201
35455525,8898508,130,643.39,4,2482
50436546,12671166,498,944.67,4,3234
84356263,21574711,522,1562.52,8,6177
19395613,4807426,180,375.48,4,1151
62705065,15808947,350,1123.25,3,4333
45278779,11245260,163,829.95,4,2967
44185483,11027520,458,795.61,2,2881
18864006,4623134,200,361.49,5,1121
72601703,18159309,94,1302.77,2,5160
57420207,14220816,218,1047.62,5,3778
49611428,12275510,271,906.00,5,3223
93456317,22384553,312,1673.57,2,6963
44201418,10996136,153,793.88,5,2882
38153325,9206076,189,716.94,2,2631
85612428,20894857,238,1543.76,2,6389
18377336,4435902,117,332.03,4,1113
85518607,20896499,300,1571.92,6,6383
29686430,7228066,81,541.36,4,2006
86535306,21158155,281,1547.52,2,6399
67634096,17177791,292,1266.30,5,4630
96875441,23926934,359,1769.19,2,7260
21558129,5319302,88,392.43,4,1350
98618743,23755198,116,1753.20,0,7504
15031498,3705630,85,274.77,3,752
55353072,13965429,311,1005.72,8,3662
37599619,9232396,269,685.99,3,2597
10653019,2641468,73,195.42,2,507
48704290,12150394,147,879.46,1,3170
63598899,15608375,176,1131.90,0,4431
36070305,8768978,203,661.40,2,2532
58316421,14468926,158,1058.62,4,3887
24384664,5758000,210,438.04,1,1554
26701012,6437206,102,487.18,5,1726
99706431,23778976,190,1743.54,2,7539
26903802,6753153,167,492.37,4,1735
43848242,11015081,206,790.64,4,2885
101198430,24782991,656,1866.19,6,7550
18802393,4587113,175,347.73,4,1121
19816597,4944741,297,361.30,2,1156
46603391,11530698,105,836.68,4,3072
30777856,7475071,318,604.45,5,2055
40685554,10313166,355,781.15,3,2720
58120594,15347366,1875,1113.54,11,3672
96316833,24060601,715,1776.33,2,7108
40169169,9764378,117,726.60,2,2718
50061108,12666120,410,902.59,0,3227
18562022,4454121,98,334.30,4,1120
22236412,5437919,231,411.02,4,1362
50114003,12785582,122,930.22,0,3288
50174986,12379008,120,893.91,1,3305
100135282,24064599,437,1869.52,1,7532
26091899,6421847,102,478.32,0,1651
57207524,14475934,124,1024.85,3,3757
85965248,21873960,566,1612.18,5,6376
17144637,4239003,88,312.32,0,1028
68073311,17357971,165,1224.22,1,4703
1604720,247779,32,32.90,2,11
30722445,8012624,713,573.00,2,1707
1586684,245370,25,33.11,2,10
74371497,17965570,125,1295.96,4,5606
48236419,12769190,388,926.16,6,3203
65737239,16786095,530,1201.76,11,4757
1771219,87615,35,31.23,3,4
1712947,288503,64,37.94,3,10
71628343,17121975,253,1261.10,8,5246
28349691,7631655,455,570.23,6,1560
1587941,249686,38,36.41,0,10
1611771,264296,48,33.14,3,10
33639293,8650508,111,592.21,3,1998
76617969,18235535,296,1370.59,4,5684
1579077,244617,24,33.62,1,10
6336303,1411059,75,113.25,2,290
52786157,13383446,357,991.96,3,3580
55701241,14359889,352,994.93,3,3802
3900410,735575,69,69.13,3,175
50797346,12875088,240,902.61,0,3433
1599135,253439,28,33.57,1,10
1597555,240007,21,34.10,5,10
1581682,234886,20,31.46,1,10
62744346,16218070,358,1193.73,5,4528
30493324,7664670,98,535.89,1,1755
11329430,2822366,87,208.21,2,617
1626465,279933,52,34.17,5,10
54364118,13731252,153,978.00,1,3734
1618339,243741,24,33.81,2,10
13915984,3386219,128,268.51,4,758
22815584,5838328,112,423.62,1,1240
73803987,17429729,193,1275.83,2,5511
3352612,545956,51,59.10,1,171
48447836,12578081,95,862.88,1,3264
71954609,17142011,158,1328.61,3,5263
40892469,10428279,171,729.85,1,2601
1637395,268588,39,34.19,1,10
12265201,2999508,62,222.15,3,668
13178512,3190449,92,240.51,4,725
40287779,10037385,120,711.21,2,2582
22017490,5672599,88,394.41,0,1145
55328478,13893512,404,1001.55,7,3782
1584406,247632,27,34.46,1,11
42855219,11111001,158,787.10,2,2709
64529591,16494819,222,1143.83,2,4785
1592646,256352,36,33.94,5,10
1603243,240603,32,34.41,2,10
38533236,9552876,116,679.78,1,2513
8988754,2167664,112,160.62,4,436
1589015,244863,25,32.27,5,10
38158479,10082544,518,694.90,6,2342
23268625,5856586,80,410.34,2,1256
1586071,249731,24,34.75,1,11
35713088,9285692,93,636.15,3,2221
76461668,19242200,907,1342.31,2,5652
10538191,2567312,56,190.68,2,562
36487677,9139310,133,655.39,4,2249
63783821,16371571,784,1193.88,2,4543
1623725,248225,28,33.07,1,10
72210188,17231738,221,1251.24,4,5290
28238422,6963266,64,496.11,5,1681
55325796,14005751,710,1027.69,8,3734
34183779,8655322,135,610.30,2,2015
77149344,18217270,212,1335.73,4,5853
68101430,16750636,582,1197.69,5,4997
22215777,5916582,276,399.47,2,1140
146808283,80766315,33312,6632.27,615,1249
1894875,63828,22,28.67,2,4
21441657,5535850,77,382.85,2,1132
13796305,3482331,82,249.47,3,747
1594017,249898,27,33.36,2,10
1584152,247569,19,33.10,2,10
55906505,13930271,429,991.06,5,3812
14574474,3561753,65,264.24,4,795
5752701,1185018,115,108.23,2,285
1603543,247863,29,35.12,0,10
16209118,4153159,403,318.36,7,836
7691459,1779315,102,138.07,2,369
1579716,249924,27,33.62,0,10
20051056,5222913,127,382.06,4,1010
2905988,464567,90,51.79,1,141
44559666,11607319,88,794.78,3,2886
37114621,9761160,460,678.13,4,2250
1616091,256316,41,34.38,6,10
13347054,3342908,66,241.56,2,733
1621552,257035,34,35.31,3,10
1603447,259203,25,35.74,1,10
31392228,8167787,108,555.77,1,1795
1584779,249301,28,32.49,2,11
9845313,2529393,137,183.61,3,497
1599296,254498,35,33.62,2,11
45677178,12035943,285,887.02,7,3019
2293819,394509,64,44.22,3,28
29923733,7879393,207,533.42,3,1711
17355848,4357381,78,316.68,1,898
20768173,5564500,61,372.50,3,1052
49191397,12521773,131,881.31,0,3334
41623589,10491102,125,735.67,3,2644
22178036,5678631,82,396.12,5,1150
21225757,5606991,106,380.77,1,1088
2285525,274233,72,46.93,3,22
53199324,13344591,195,956.86,3,3574
56378599,14145547,90,1012.69,3,3735
78390724,19396760,350,1400.12,5,5609
102618790,24521582,468,1843.22,5,8003
35866163,8802318,143,657.53,5,2533
81733156,19846721,163,1451.37,4,6068
92652279,22546514,440,1683.67,7,6912
55109589,13812867,93,989.86,7,3672
50151737,12711532,112,905.38,6,3359
71647343,18355465,190,1293.90,4,5076
67401184,17331385,150,1211.05,3,4634
32783833,7973657,212,598.66,3,2304
49771928,12392981,370,927.95,7,3226
34090554,8376149,151,626.29,3,2400
25825523,6320314,190,487.70,4,1657
55190865,13579155,175,1001.85,1,3669
51820473,12734144,166,924.33,3,3518
14536810,3524008,80,267.96,4,752
62979376,16013568,230,1177.17,11,4407
29862152,7320071,88,544.20,4,2035
77289283,19245884,410,1433.91,2,5512
78345919,19397262,470,1434.63,3,5592
76198431,19201124,414,1408.09,9,5429
60851623,15696405,453,1156.17,7,4121
44398713,11274287,189,805.32,3,2897
37155593,9258133,176,679.54,3,2598
26484601,6586162,120,483.75,4,1730
63366000,15857889,233,1182.91,9,4428
46132088,11438415,72,829.48,3,3040
17679140,4252242,110,321.40,2,1093
52897590,13341832,222,955.56,2,3570
59934740,14974475,334,1118.89,2,4103
48660705,12098941,105,875.07,6,3171
63717449,15718175,125,1153.59,1,4449
26646149,6585416,237,524.43,6,1714
49626059,12321983,215,933.85,2,3227
96398710,23305027,503,1727.42,6,7133
60003048,15400665,415,1127.32,4,4081
48612406,12429797,785,903.71,3,3142
40357050,9899048,248,732.87,2,2724
88396393,22210209,140,1583.07,3,6667
18608935,4465600,106,340.23,6,1133
59936381,14902672,275,1091.10,5,4104
24334876,5855834,121,443.78,1,1572
75282093,19373071,114,1374.62,2,5407
70104652,17694365,670,1275.42,3,4893
59340039,15165057,118,1073.52,1,4068
81563213,20362129,603,1511.01,5,5808
89905082,22232211,439,1646.32,12,6795
104354322,25554806,715,1903.63,5,8166
70737448,18254373,165,1327.89,6,4996
26787308,6651929,138,495.42,2,1742
35986171,8987239,156,661.22,1,2531
29952158,7314106,322,585.86,8,1973
42937774,10849728,122,774.04,1,2870
95694437,23234011,139,1709.54,1,7130
47182268,12119429,223,895.35,5,3129
64991334,16108987,221,1162.11,1,4485
95479663,22852085,242,1713.27,1,7117
31177338,7465984,117,568.38,1,2220
16250874,3898662,59,296.37,2,878
34808161,8490403,174,634.26,6,2465
58559894,14830903,314,1097.74,9,3894
51466801,12806693,196,950.03,3,3502
85017613,20825480,143,1516.67,4,6385
63847981,15761250,195,1149.74,4,4447
64252336,15793600,136,1152.56,0,4462
25604863,6211518,160,468.72,3,1643
77480055,19378416,186,1418.96,2,5553
32439306,7805203,103,591.44,6,2275
95569631,23784507,193,1689.13,3,7132
47032308,12023430,351,889.96,7,3108
81786395,20434597,190,1464.16,4,6063
43468450,10748611,150,790.36,7,2883
72830143,18223191,331,1349.93,2,5168
25503128,6341483,120,469.31,1,1639
69139354,17739651,281,1244.03,4,4861
43712678,10953562,180,793.59,4,2883
39558461,9980958,177,754.60,4,2709
25912488,6506676,650,474.71,2,1625
19719041,4744402,73,358.92,2,1205
60188022,15343808,144,1098.41,7,4107
38139678,9251857,191,691.45,2,2637
104703010,25229348,406,1852.64,4,8299
51292702,12596892,188,957.59,4,3445
50967379,12767662,181,947.00,1,3389
90928371,22272731,146,1643.78,1,6867
71284910,18259146,263,1289.62,2,5015
66115994,16755541,632,1253.68,3,4518
40663741,9986366,120,743.47,4,2766
60547597,15111982,518,1135.13,8,4123
64789564,16276254,676,1182.85,7,4448
27579402,6691901,117,520.47,3,1829
83428608,21008254,244,1514.78,2,6173
43869078,11121711,147,811.15,4,2881
27737267,6662216,147,504.50,2,1833
70879058,17745506,191,1272.57,5,5004
30077889,7382972,105,551.33,2,2064
24357222,5969661,196,458.63,4,1564
2151437,406711,30,45.95,4,67
47222475,11905954,169,857.60,2,3174
104988644,25690425,770,1919.67,11,8253
59650439,15223342,793,1075.68,7,3971
27236972,6897639,126,498.39,2,1720
103760639,24824094,453,1876.95,6,8186
54580969,13569996,125,975.35,2,3690
29989667,7338660,128,545.56,5,2010
65953441,16660611,191,1203.49,2,4601
22958074,5623538,106,416.29,2,1465
34379392,8470181,175,628.79,3,2396
26956123,6700580,72,491.47,2,1715
34671149,8791413,371,703.49,9,2380
35576447,8851093,238,658.69,5,2537
25509863,6322303,79,465.29,1,1681
37071651,9095057,165,721.03,4,2642
63998374,16014831,542,1220.98,7,4466
58288328,14548193,171,1071.30,1,3931
32646718,7936250,110,590.82,4,2244
78080578,19717086,449,1456.03,8,5598
89853844,21907315,320,1599.39,4,6868
57707741,14718843,185,1071.80,8,3932
101227348,24201085,331,1788.57,3,7726
51686085,12876017,396,925.56,0,3494
41369978,10511757,225,772.68,4,2817
74415623,19160112,144,1340.03,4,5347
48705864,11931232,115,869.80,4,3215
62397361,15573593,178,1128.99,2,4390
69958978,17747586,154,1265.03,3,4943
23486040,6037527,501,429.74,2,1441
100728013,24018973,204,1770.63,3,7721
73819979,18970448,184,1337.64,3,5298
98934265,23574172,148,1732.39,4,7565
2142054,407767,30,46.10,3,68
17785875,4466791,98,350.24,3,1026
84881767,21410437,341,1551.38,7,6396
98979211,24592778,329,1782.06,5,7561
30859239,7556563,140,559.82,3,2085
18971592,4867385,115,350.54,2,1057
51769753,12777690,228,930.64,2,3560
52092802,12839330,228,936.46,1,3578
105875115,25168338,645,1880.81,5,8438
35767782,8748221,109,657.09,3,2580
90459509,22275877,292,1641.10,5,6895
85498012,21270703,205,1535.20,3,6436
53061816,13329003,183,962.79,2,3617
69002261,17433509,273,1284.14,2,4843
76217622,19738537,451,1441.64,10,5457
30120217,7391846,97,545.80,6,2010
24885511,6275708,112,452.84,3,1602
10442768,2628587,78,193.95,4,550
21901390,5521924,63,399.85,4,1405
33883288,8261364,110,617.49,4,2359
52659014,12999005,336,970.33,2,3604
85501429,20939892,270,1536.88,5,6436
57176449,14333280,409,1049.41,7,3793
21326268,5375084,87,389.41,1,1337
99612428,24267756,596,1789.90,1,7559
34416123,8669735,149,643.93,4,2397
95229610,22867694,330,1732.22,0,7143
103377506,24461314,180,1837.34,4,8180
104437811,25036665,715,1911.17,4,8193
25523579,6419486,85,465.40,3,1687
34132487,8492336,266,627.01,2,2358
24958532,6286112,103,452.34,1,1624
40891402,10197853,124,746.23,2,2814
35470086,8846353,139,647.16,4,2538
14375640,3859611,194,286.40,7,794
28861970,7274427,119,527.94,6,1910
50885493,12840539,644,981.65,6,3334
64318436,16121887,150,1163.43,4,4507
101856449,24231898,251,1810.02,4,8024
40164498,9843292,126,728.41,4,2781
14973514,3943350,272,295.35,5,811
23565475,5816900,92,426.76,2,1476
47143492,11698786,135,848.39,1,3176
65546674,16564054,284,1203.99,5,4559
26429408,6801639,110,490.58,0,1698
96821156,23183174,178,1703.97,3,7369
60928885,15245936,327,1156.84,5,4190
43494960,10938514,740,795.41,5,2848
64265457,16592388,226,1205.43,6,4497
38056898,9300804,88,693.17,2,2681
43533213,10688461,205,788.44,4,2927
39827885,9677481,104,722.77,3,2758
37773048,9328656,202,694.33,1,2675
85592569,21762918,392,1560.65,4,6427
24995695,6101212,141,452.99,0,1645
22257664,5495899,146,403.56,3,1411
16480655,4142520,101,307.52,1,966
44100661,11038890,88,802.08,1,2935
81379460,20614354,395,1469.50,3,5903
50599449,12369346,134,907.22,6,3418
16127920,4131541,84,310.61,0,962
34699045,8513838,347,631.01,4,2396
89291334,22284500,160,1597.91,2,6800
40116934,10094307,229,748.69,4,2760
27190392,7040926,598,519.43,6,1698
105443502,25450554,467,1925.52,4,8444
23351283,5748453,102,422.74,1,1471
1563048763,6374609,5073,22102.75,6,1699
1557230092,7132371,5654,22102.40,19,4316
1556391823,6461936,4880,22045.41,6,4413
1166214472,4336181,3239,16494.62,1,4486
1556025620,5825218,4424,22043.81,4,4449
790720188,3007811,2103,11169.00,5,4384
770551476,2694856,1616,10967.04,2,11
788448118,3754421,2996,11144.15,0,4418
762353519,2246520,1628,10810.17,8,13
516742574,2389287,1665,7291.04,7,4536
792216532,2942637,1985,11182.88,3,4706
1555793635,5292733,3899,22000.55,8,4442
757581090,3787525,3682,10762.39,8,9
790393514,3127686,2282,11169.32,5,4365
1556475996,6476960,5004,22076.62,6,4391
769313564,2799692,2247,10936.54,4,19
987562810,4108059,3259,13972.14,11,4378
1145025736,3957982,3171,16249.33,11,15
1170975099,4318680,3152,16577.93,2,4626
1176668305,3821345,2581,16637.55,1,4525
1546106836,5484908,4169,21922.21,7,4223
1168485703,5785593,3975,16559.72,8,4444
384783950,1524046,1316,5466.12,2,4
789901366,3315464,2401,11170.47,6,4521
1169548996,5016229,3930,16552.65,6,4451
1172396442,4255465,3122,16594.32,9,4349
1173412251,4306528,3225,16612.26,6,4168
767867907,3568501,3340,10898.57,3,24
759252604,3268283,2223,10787.28,11,11
797551917,3442936,2650,11284.64,6,4646
765574049,3052178,2114,10874.03,5,15
1167573259,4842805,3748,16537.61,13,4306
765805365,2382307,1800,10859.02,3,10
771224151,5150855,4409,10984.98,11,10
787560393,3627742,2910,11138.19,3,4293
793482494,3142282,1677,11226.09,8,4491
1555401461,6427809,5167,22048.79,12,4200
1555665891,5499963,4100,22053.11,14,4489
780515191,3310324,2432,11028.82,5,4303
748923113,3034182,2576,10630.95,2,9
787240802,3114914,2231,11125.38,3,4114
792648673,2914487,2062,11185.75,4,4419
1179124568,5083561,4056,16694.53,10,4665
767696605,3900301,3564,10907.27,7,16
1555952511,5260260,3895,22010.47,5,4507
1146331316,4245661,3515,16274.52,5,18
759948956,2809036,2287,10786.29,2,12
1147262211,4184921,3442,16292.75,1,21
761877506,3162738,2684,10802.44,3,9
1149561257,4255821,3538,16336.81,10,27
778064751,1941452,1256,11035.31,8,16
783012521,3568868,2711,11070.91,8,4540
1172465571,5078743,4091,16600.56,5,4127
765333720,2927615,2418,10855.09,3,9
783974807,2933027,2132,11083.11,6,4117
763775936,4027868,3872,10851.41,2,12
1175208645,4255990,3129,16619.33,4,4624
766157330,4029426,3928,10890.73,8,18
1174830985,5148490,4350,16640.99,4,4299
791734040,4099323,3288,11198.72,16,4530
768009683,2806788,2258,10911.43,5,15
1180946635,4545444,3335,16721.20,3,4513
1149094784,2919466,2006,16310.05,4,27
782426198,4209065,3086,11062.13,3,4361
1171874325,3556577,2362,16576.96,7,4522
764622888,2557214,2011,10856.19,2,10
787854517,2985536,2088,11151.01,3,4426
1168956364,3962539,2702,16534.70,3,4613
783870315,3372615,1948,11073.90,3,4537
1171848024,3665788,2458,16572.28,3,4396
769925506,2500393,1966,10905.67,10,9
762105545,2493441,1951,10778.79,5,11
786264236,2798869,1860,11094.56,0,4488
763261923,3020392,2511,10816.77,4,19
1142740644,3816602,3087,16205.80,2,34
796417954,3388374,1849,11275.02,3,4520
1171085415,3706355,2518,16542.96,4,4513
757090392,2979891,2551,10745.94,2,14
761156012,2686652,2092,10792.36,10,9
834960176,2976956,2067,11798.32,4,4557
1147349089,4097511,2845,16288.48,7,19
1169136318,3831984,2617,16540.55,5,4323
1156560309,3986124,2789,16405.45,7,21
759825821,2751539,2250,10772.80,6,15
1171873658,3664084,2405,16559.00,7,4640
764534952,2851881,2370,10820.41,1,15
767296014,2489869,1958,10877.20,6,14
765173331,2969371,1711,10849.21,7,14
1126043178,3785633,3062,15985.98,4,22
1144631636,4000665,3147,16216.83,7,21
767613241,2330637,1774,10887.90,2,13
1555937241,6268391,4558,22005.31,2,4384
1360331298,4346108,2979,19262.83,9,4519
1059445799,4522600,3543,15035.27,8,21
796880928,2174140,1118,11243.20,2,4572
1171494155,4108160,2784,16555.96,7,4514
388677353,1415120,1081,5513.31,3,19
1177571205,3611099,2410,16650.35,3,4522
1145975177,3423368,2585,16250.82,3,19
788529146,3899932,2488,11139.43,7,4529
