0.0001458
0.0001193
0.0001218
0.0001190
0.0001208
0.0001173
0.000118
0.0001183
0.0001173
0.0001199
0.0001195
0.0001180
0.0001204
0.0001204
0.0002558
0.0001197
0.0001190
0.0001163
0.0001165
0.0001203
0.0001197
0.0001180
0.0001189
0.0001154
0.0001217
0.0001212
0.0001194
0.0001177
0.0001184
0.0001181
0.0001192
0.0001184
0.0001187
0.0001197
0.0001213
0.0001207
0.0001185
0.0001216
0.0001182
0.0001192
0.0001183
0.0001198
0.0001184
0.0001182
0.0001182
0.0001173
0.0001234
0.0001188
0.000208
0.0001171
0.0001233
0.0001192
0.0001185
0.0001195
0.0001172
0.0001181
0.0001285
0.0001154
0.0001207
0.0001152
0.0001218
0.0001185
0.0001187
0.0001224
0.0001195
0.0001169
0.0001206
0.0001259
0.0001223
0.0001355
0.0001187
0.000121
0.0001218
0.0001211
0.0001202
0.0001194
0.0001227
0.0001163
0.0001192
0.0001188
0.0001214
0.0001163
0.0001177
0.0001163
0.0001246
0.0001219
0.0001175
0.0001195
0.0001197
0.0001199
0.0001290
0.0001178
0.0001228
0.0001177
0.0001196
0.0001212
0.0001173
0.0001195
0.000120
0.0001173
0.0048027
0.0049143
0.0036333
0.0037108
0.0036001
0.0037110
0.0037074
0.0036023
0.0039555
0.0050327
0.0036481
0.0036190
0.0048617
0.0049078
0.0036137
0.0076201
0.0037253
0.0037557
0.0037980
0.0037269
0.0036545
0.0048659
0.0041321
0.0083725
0.0036025
0.0036361
0.0048388
0.004839
0.0039287
0.0050333
0.0088465
0.0036114
0.0037129
0.0036566
0.0038271
0.0037004
0.0036683
0.0039405
0.0042496
0.0037048
0.0037265
0.0036558
0.0037217
0.0038005
0.0036025
0.0035959
0.0036583
0.0078241
0.0099974
0.0036371
0.0036418
0.0048568
0.0040083
0.0038387
0.0037076
0.0048174
0.0047710
0.0036986
0.0048614
0.0043550
0.0051141
0.0036628
0.0041434
0.0036331
0.0037267
0.003719
0.0049066
0.0036216
0.0040216
0.0037939
0.0035911
0.0048976
0.0036386
0.0047127
0.0037079
0.0035982
0.0036233
0.0036449
0.0036477
0.0052267
0.0036146
0.0047894
0.0035946
0.0036567
0.0051422
0.0042582
0.0052679
0.0036741
0.0045416
0.0125468
0.0036399
0.0048618
0.0038500
0.0048552
0.0036018
0.0049304
0.0036246
0.0049524
0.0036207
0.0037122
0.0023356
0.0023092
0.0021895
0.0024178
0.0022466
0.0022424
0.0021884
0.0022233
0.0025406
0.0022371
0.0021830
0.0022249
0.0022557
0.0022445
0.0022216
0.0023143
0.0022318
0.0022652
0.0022196
0.0021903
0.0022242
0.0022202
0.0022172
0.0021816
0.0022725
0.0022202
0.0022482
0.0023632
0.0022113
0.0022143
0.0023053
0.0021832
0.0023003
0.0021975
0.0022102
0.0025017
0.0022564
0.002199
0.0022411
0.0022378
0.0022140
0.0022562
0.0023075
0.0021839
0.0022292
0.0021951
0.0022475
0.0022319
0.0022238
0.0023880
0.0021880
0.0022175
0.002205
0.0022125
0.0021773
0.0022230
0.0022508
0.0022158
0.0022168
0.0022295
0.0030683
0.0021793
0.0022144
0.0021918
0.0022335
0.0022464
0.0022130
0.0022081
0.0021863
0.0032885
0.0021798
0.0028265
0.0022637
0.0023367
0.0022113
0.0022221
0.0021923
0.0021744
0.002284
0.0023105
0.0023036
0.0022933
0.0021944
0.0022287
0.0025858
0.002786
0.0022022
0.0030877
0.0022195
0.0022351
0.0022812
0.0022692
0.0021804
0.0022481
0.0021942
0.0022163
0.0021905
0.0023342
0.0023031
0.0023314
0.0001995
0.0001741
0.0001776
0.0001793
0.0001803
0.0001769
0.0001766
0.0001834
0.0001779
0.0001750
0.0001747
0.0001757
0.0002425
0.0001772
0.0001767
0.0001744
0.0002715
0.0001819
0.0001776
0.0001777
0.0001777
0.0001765
0.0001902
0.0001764
0.0001761
0.0001788
0.0001767
0.0001774
0.0001790
0.0001757
0.0001774
0.0001804
0.000199
0.0001800
0.0001742
0.0001833
0.0001791
0.0001793
0.0001795
0.0001800
0.0001916
0.0001819
0.0001775
0.0001758
0.0001766
0.0001855
0.0002121
0.0001888
0.0001979
0.0001859
0.0001779
0.0001772
0.0001941
0.0001778
0.000177
0.0001850
0.0001788
0.0002347
0.0001957
0.0001765
0.0001795
0.0001819
0.0001787
0.0001968
0.0001773
0.0004639
0.0001781
0.0001865
0.000178
0.0001765
0.0001964
0.0001798
0.0001963
0.0001908
0.0001855
0.0001747
0.0001798
0.000180
0.0001779
0.0001750
0.0001767
0.0001772
0.0001846
0.0001765
0.0001796
0.0002337
0.0001769
0.0001783
0.0001783
0.0001818
0.0001812
0.0001777
0.0001967
0.0001806
0.0002389
0.0001993
0.000176
0.0001817
0.0001764
0.0001908
0.0003743
0.0003800
0.0003751
0.0003903
0.000373
0.0003846
0.0003684
0.0003868
0.0003759
0.0003872
0.0003782
0.0003747
0.0003905
0.0004332
0.0003812
0.0003759
0.0003832
0.0004077
0.0006686
0.0003787
0.0003682
0.0003772
0.0003815
0.0003792
0.0003707
0.0003774
0.0003988
0.0003720
0.0007561
0.0003902
0.0003742
0.0003762
0.0003709
0.0003996
0.000416
0.0003762
0.0004016
0.0003822
0.0003932
0.0003965
0.0003775
0.0003767
0.0003855
0.0004038
0.0003735
0.0003815
0.0004037
0.0003829
0.0003676
0.0003717
0.0003681
0.000383
0.0003751
0.0003791
0.0003808
0.0003875
0.0003779
0.0003782
0.0004342
0.0003977
0.0003723
0.000381
0.0003795
0.0003858
0.0003756
0.0003779
0.0004471
0.0003714
0.0003719
0.0003896
0.0003782
0.0003795
0.0004001
0.0003874
0.0003706
0.0003714
0.0003684
0.0003738
0.0004145
0.0003958
0.0003777
0.0003996
0.0003801
0.0003779
0.0003676
0.0003752
0.0003850
0.0003826
0.0003704
0.000413
0.0004012
0.000383
0.0003862
0.0003769
0.0003795
0.0003732
0.000376
0.0003863
0.0003777
0.0003721
0.0196859
0.0045119
0.0044608
0.0055664
0.0044141
0.0056592
0.0047893
0.0060666
0.0099261
0.0043967
0.0044794
0.0044837
0.0043857
0.0044358
0.0055278
0.007861
0.0044705
0.0044549
0.0048321
0.0058543
0.0057659
0.0045268
0.0377655
0.0044322
0.0061192
0.0043903
0.0141318
0.0045003
0.0050347
0.0047325
0.0131988
0.0061714
0.00443
0.0061585
0.0060813
0.0045235
0.0057159
0.0044512
0.0045226
0.0044760
0.0045190
0.0049081
0.0058154
0.0044012
0.0045145
0.0044384
0.0044167
0.0043967
0.0046291
0.0044038
0.0066562
0.0056830
0.0052188
0.0044444
0.0049360
0.0045970
0.0045910
0.0066204
0.0048313
0.0068648
0.0049076
0.0053620
0.0045569
0.0045369
0.0061762
0.0044002
0.0065391
0.0045667
0.004450
0.0128832
0.0046628
0.0045045
0.0068416
0.0046924
0.0046129
0.0045494
0.0043943
0.0047403
0.0056687
0.0069044
0.0057888
0.0045101
0.0057220
0.0045292
0.0044320
0.0048388
0.0051617
0.0044646
0.0044338
0.0081563
0.0080290
0.0048127
0.0047332
0.0131018
0.0045604
0.0058229
0.0045405
0.0046761
0.0059356
0.0048349
0.0527959
0.1656418
0.0274948
0.7895892
0.0377461
0.0290551
0.3369385
0.0423969
1.4177004
0.0342920
0.0283747
0.0283223
0.0296752
0.0372514
0.0466356
0.0501237
0.2793358
0.0297787
0.0271513
0.0313046
0.0325968
0.3473798
0.0334435
0.025464
0.4256195
0.0347147
0.0346542
0.0329821
0.0394873
0.0377958
0.0223925
0.0294383
0.0252867
2.2498142
0.0361687
0.0236763
0.0301864
0.2043038
0.0322483
1.6770064
0.0310246
0.0436127
0.0265928
0.0301295
0.3292792
0.0219600
0.0307784
0.0327875
0.3594067
0.0243946
0.0273426
0.0259726
0.0414393
0.0291613
0.0322759
0.0288896
0.0277064
0.0503416
0.0275938
0.0430444
0.0256867
0.0327728
0.0403636
0.0313345
0.0260942
0.0266105
0.2085163
0.0290931
0.5125969
0.0295758
0.3607355
0.4697168
0.0213566
0.0319185
0.0302460
0.0412453
1.3744604
0.2110006
0.3672773
0.1398256
0.0613034
0.0342702
0.0304357
0.0357188
0.8153258
0.1256442
0.3431075
0.1314471
0.0306822
0.0366665
0.6649287
0.0329306
0.0218522
0.0421031
4.3403637
0.187403
0.3419145
0.0303490
0.0274029
1.0959721
14.4801900
0.0294767
0.0345819
0.8780984
0.0308807
0.0378554
2.3470588
0.0345101
0.0293662
0.0315261
0.2399025
0.0351722
0.0460184
0.0319802
0.0384153
0.0314462
0.0399578
0.0367050
0.0304943
0.6278356
0.0325358
0.0336111
0.0318629
0.0360426
0.0315864
0.0305702
5.3693003
0.0335570
0.0300705
0.2646411
0.0339454
0.0315339
0.0400922
0.0343733
0.0315358
0.0300489
0.0363206
0.4721594
0.0305119
0.0331095
0.0310705
0.0389471
0.0354428
0.0397670
0.0333657
0.0470915
0.0291960
0.0446289
0.0328902
0.033929
0.0338700
0.0338704
0.0343340
0.0303929
0.0307353
0.0311518
0.0306282
0.0358834
0.0416550
0.0351301
0.0367570
0.0291339
0.0333667
0.0399909
0.0307502
0.0370300
0.5195107
0.0419383
0.0301919
0.0305942
0.0307500
0.0355056
0.0363226
0.0290164
0.0325188
0.5776048
0.0415645
0.035265
0.0301769
0.0390816
4.3412853
0.0322449
0.0360887
2.3423070
0.0327847
0.0298976
0.031443
0.2588994
0.037045
0.0270575
0.0404203
0.0360420
0.0322752
0.1920335
0.1578031
0.0352812
0.0446692
0.0369163
0.0331773
0.6466776
0.0398066
0.0225623
0.0197728
0.019566
0.0211608
0.0198183
0.0225494
0.0193795
0.0220625
0.0210167
0.0195386
0.0209484
0.0196368
0.0201531
0.0202017
0.0198314
0.0216930
0.0451742
0.0193222
0.0192547
0.0192924
0.0196056
0.0193407
0.0306276
0.0193030
0.0193810
0.020327
0.0193310
0.0215521
0.0190277
0.0205386
0.0217208
0.0192752
0.0195827
0.0199718
0.0194619
0.0198901
0.0211478
0.0256119
0.0216798
0.0281446
0.0192478
0.0195302
0.0192592
0.0191389
0.0344593
0.0193946
0.0198834
0.0197730
0.0201564
0.0195629
0.0192635
0.0198335
0.0217030
0.0191764
0.0228403
0.0195508
0.022349
0.0216415
0.0309544
0.0208261
0.0214518
0.0193355
0.0193830
0.0195613
0.0193441
0.0192727
0.0194497
0.019602
0.0281706
0.0196700
0.0212202
0.0192213
0.0196526
0.0217643
0.0192694
0.0215030
0.0508411
0.0196253
0.0189931
0.0220444
0.0214248
0.0195733
0.0191364
0.0214121
0.0196049
0.0195472
0.0193143
0.021702
0.0192359
0.0214929
0.0218456
0.0193186
0.0215397
0.0201583
0.0214054
0.0194466
0.0193887
0.021620
0.0193647
5.970025033
6.207285798
5.995117206
5.908751743
5.970376286
5.971952061
5.951601216
5.942283307
5.951291209
5.965209691
5.941885346
5.984589307
6.032452849
5.942890695
5.983984378
5.974999759
6.013197143
5.946292857
5.960543863
5.942162095
5.979857971
6.024947215
6.125718347
6.014312846
5.963782068
6.004505242
6.018142989
5.946304865
6.002630789
5.962219672
5.972565110
6.141759345
5.936675590
6.000499141
5.945500282
5.936870918
6.008942598
6.006340328
5.942724334
5.949635968
5.935443014
5.954932851
5.997148050
5.992961756
5.923112908
5.992537048
5.934552141
5.937573213
5.912134828
6.000966277
5.994483695
5.945984187
5.992884965
5.939568632
5.980412819
6.024105542
5.971280968
5.984322201
6.018195773
5.983440236
5.972620581
5.964990232
5.985621335
5.885557393
5.907853522
5.924607072
5.902908280
5.866348499
5.923591675
5.857153426
5.898331351
5.875516296
5.900887473
5.882282218
5.906603138
5.961188776
5.930657580
5.878897555
5.936696501
5.877057350
5.920418316
5.894007182
5.880943012
5.943333778
5.925906540
5.863503350
5.873289033
5.955935613
5.885312540
5.919798610
5.902971635
5.875890245
6.069025557
5.926504359
5.875825844
5.899857505
5.845715937
5.902320861
5.890527205
5.918463677
