0.0196859
0.0045119
0.0044608
0.0055664
0.0044141
0.0056592
0.0047893
0.0060666
0.0099261
0.0043967
0.0044794
0.0044837
0.0043857
0.0044358
0.0055278
0.007861
0.0044705
0.0044549
0.0048321
0.0058543
0.0057659
0.0045268
0.0377655
0.0044322
0.0061192
0.0043903
0.0141318
0.0045003
0.0050347
0.0047325
0.0131988
0.0061714
0.00443
0.0061585
0.0060813
0.0045235
0.0057159
0.0044512
0.0045226
0.0044760
0.0045190
0.0049081
0.0058154
0.0044012
0.0045145
0.0044384
0.0044167
0.0043967
0.0046291
0.0044038
0.0066562
0.0056830
0.0052188
0.0044444
0.0049360
0.0045970
0.0045910
0.0066204
0.0048313
0.0068648
0.0049076
0.0053620
0.0045569
0.0045369
0.0061762
0.0044002
0.0065391
0.0045667
0.004450
0.0128832
0.0046628
0.0045045
0.0068416
0.0046924
0.0046129
0.0045494
0.0043943
0.0047403
0.0056687
0.0069044
0.0057888
0.0045101
0.0057220
0.0045292
0.0044320
0.0048388
0.0051617
0.0044646
0.0044338
0.0081563
0.0080290
0.0048127
0.0047332
0.0131018
0.0045604
0.0058229
0.0045405
0.0046761
0.0059356
0.0048349