0.0003743
0.0003800
0.0003751
0.0003903
0.000373
0.0003846
0.0003684
0.0003868
0.0003759
0.0003872
0.0003782
0.0003747
0.0003905
0.0004332
0.0003812
0.0003759
0.0003832
0.0004077
0.0006686
0.0003787
0.0003682
0.0003772
0.0003815
0.0003792
0.0003707
0.0003774
0.0003988
0.0003720
0.0007561
0.0003902
0.0003742
0.0003762
0.0003709
0.0003996
0.000416
0.0003762
0.0004016
0.0003822
0.0003932
0.0003965
0.0003775
0.0003767
0.0003855
0.0004038
0.0003735
0.0003815
0.0004037
0.0003829
0.0003676
0.0003717
0.0003681
0.000383
0.0003751
0.0003791
0.0003808
0.0003875
0.0003779
0.0003782
0.0004342
0.0003977
0.0003723
0.000381
0.0003795
0.0003858
0.0003756
0.0003779
0.0004471
0.0003714
0.0003719
0.0003896
0.0003782
0.0003795
0.0004001
0.0003874
0.0003706
0.0003714
0.0003684
0.0003738
0.0004145
0.0003958
0.0003777
0.0003996
0.0003801
0.0003779
0.0003676
0.0003752
0.0003850
0.0003826
0.0003704
0.000413
0.0004012
0.000383
0.0003862
0.0003769
0.0003795
0.0003732
0.000376
0.0003863
0.0003777
0.0003721