0.0048027
0.0049143
0.0036333
0.0037108
0.0036001
0.0037110
0.0037074
0.0036023
0.0039555
0.0050327
0.0036481
0.0036190
0.0048617
0.0049078
0.0036137
0.0076201
0.0037253
0.0037557
0.0037980
0.0037269
0.0036545
0.0048659
0.0041321
0.0083725
0.0036025
0.0036361
0.0048388
0.004839
0.0039287
0.0050333
0.0088465
0.0036114
0.0037129
0.0036566
0.0038271
0.0037004
0.0036683
0.0039405
0.0042496
0.0037048
0.0037265
0.0036558
0.0037217
0.0038005
0.0036025
0.0035959
0.0036583
0.0078241
0.0099974
0.0036371
0.0036418
0.0048568
0.0040083
0.0038387
0.0037076
0.0048174
0.0047710
0.0036986
0.0048614
0.0043550
0.0051141
0.0036628
0.0041434
0.0036331
0.0037267
0.003719
0.0049066
0.0036216
0.0040216
0.0037939
0.0035911
0.0048976
0.0036386
0.0047127
0.0037079
0.0035982
0.0036233
0.0036449
0.0036477
0.0052267
0.0036146
0.0047894
0.0035946
0.0036567
0.0051422
0.0042582
0.0052679
0.0036741
0.0045416
0.0125468
0.0036399
0.0048618
0.0038500
0.0048552
0.0036018
0.0049304
0.0036246
0.0049524
0.0036207
0.0037122