0.0398066
0.0225623
0.0197728
0.019566
0.0211608
0.0198183
0.0225494
0.0193795
0.0220625
0.0210167
0.0195386
0.0209484
0.0196368
0.0201531
0.0202017
0.0198314
0.0216930
0.0451742
0.0193222
0.0192547
0.0192924
0.0196056
0.0193407
0.0306276
0.0193030
0.0193810
0.020327
0.0193310
0.0215521
0.0190277
0.0205386
0.0217208
0.0192752
0.0195827
0.0199718
0.0194619
0.0198901
0.0211478
0.0256119
0.0216798
0.0281446
0.0192478
0.0195302
0.0192592
0.0191389
0.0344593
0.0193946
0.0198834
0.0197730
0.0201564
0.0195629
0.0192635
0.0198335
0.0217030
0.0191764
0.0228403
0.0195508
0.022349
0.0216415
0.0309544
0.0208261
0.0214518
0.0193355
0.0193830
0.0195613
0.0193441
0.0192727
0.0194497
0.019602
0.0281706
0.0196700
0.0212202
0.0192213
0.0196526
0.0217643
0.0192694
0.0215030
0.0508411
0.0196253
0.0189931
0.0220444
0.0214248
0.0195733
0.0191364
0.0214121
0.0196049
0.0195472
0.0193143
0.021702
0.0192359
0.0214929
0.0218456
0.0193186
0.0215397
0.0201583
0.0214054
0.0194466
0.0193887
0.021620
0.0193647