0.0001995
0.0001741
0.0001776
0.0001793
0.0001803
0.0001769
0.0001766
0.0001834
0.0001779
0.0001750
0.0001747
0.0001757
0.0002425
0.0001772
0.0001767
0.0001744
0.0002715
0.0001819
0.0001776
0.0001777
0.0001777
0.0001765
0.0001902
0.0001764
0.0001761
0.0001788
0.0001767
0.0001774
0.0001790
0.0001757
0.0001774
0.0001804
0.000199
0.0001800
0.0001742
0.0001833
0.0001791
0.0001793
0.0001795
0.0001800
0.0001916
0.0001819
0.0001775
0.0001758
0.0001766
0.0001855
0.0002121
0.0001888
0.0001979
0.0001859
0.0001779
0.0001772
0.0001941
0.0001778
0.000177
0.0001850
0.0001788
0.0002347
0.0001957
0.0001765
0.0001795
0.0001819
0.0001787
0.0001968
0.0001773
0.0004639
0.0001781
0.0001865
0.000178
0.0001765
0.0001964
0.0001798
0.0001963
0.0001908
0.0001855
0.0001747
0.0001798
0.000180
0.0001779
0.0001750
0.0001767
0.0001772
0.0001846
0.0001765
0.0001796
0.0002337
0.0001769
0.0001783
0.0001783
0.0001818
0.0001812
0.0001777
0.0001967
0.0001806
0.0002389
0.0001993
0.000176
0.0001817
0.0001764
0.0001908