0.0023356
0.0023092
0.0021895
0.0024178
0.0022466
0.0022424
0.0021884
0.0022233
0.0025406
0.0022371
0.0021830
0.0022249
0.0022557
0.0022445
0.0022216
0.0023143
0.0022318
0.0022652
0.0022196
0.0021903
0.0022242
0.0022202
0.0022172
0.0021816
0.0022725
0.0022202
0.0022482
0.0023632
0.0022113
0.0022143
0.0023053
0.0021832
0.0023003
0.0021975
0.0022102
0.0025017
0.0022564
0.002199
0.0022411
0.0022378
0.0022140
0.0022562
0.0023075
0.0021839
0.0022292
0.0021951
0.0022475
0.0022319
0.0022238
0.0023880
0.0021880
0.0022175
0.002205
0.0022125
0.0021773
0.0022230
0.0022508
0.0022158
0.0022168
0.0022295
0.0030683
0.0021793
0.0022144
0.0021918
0.0022335
0.0022464
0.0022130
0.0022081
0.0021863
0.0032885
0.0021798
0.0028265
0.0022637
0.0023367
0.0022113
0.0022221
0.0021923
0.0021744
0.002284
0.0023105
0.0023036
0.0022933
0.0021944
0.0022287
0.0025858
0.002786
0.0022022
0.0030877
0.0022195
0.0022351
0.0022812
0.0022692
0.0021804
0.0022481
0.0021942
0.0022163
0.0021905
0.0023342
0.0023031
0.0023314