0.0401900
0.0294767
0.0345819
0.8780984
0.0308807
0.0378554
0.6470588
0.0345101
0.0293662
0.0315261
0.0299025
0.0351722
0.0460184
0.0319802
0.0384153
0.0314462
0.0399578
0.0367050
0.0304943
0.6278356
0.0325358
0.0336111
0.0318629
0.0360426
0.0315864
0.0305702
0.0293003
0.0335570
0.0300705
0.2646411
0.0339454
0.0315339
0.0400922
0.0343733
0.0315358
0.0300489
0.0363206
0.06721594
0.0305119
0.0331095
0.0310705
0.0389471
0.0354428
0.0397670
0.0333657
0.0470915
0.0291960
0.0446289
0.0328902
0.033929
0.0338700
0.0338704
0.0343340
0.0303929
0.0307353
0.0311518
0.0306282
0.0358834
0.0416550
0.0351301
0.0367570
0.0291339
0.0333667
0.0399909
0.0307502
0.0370300
0.5195107
0.0419383
0.0301919
0.0305942
0.0307500
0.0355056
0.0363226
0.0290164
0.0325188
0.0476048
0.0415645
0.035265
0.0301769
0.0390816
0.0812853
0.0322449
0.0360887
0.0523070
0.0327847
0.0298976
0.031443
0.0488994
0.037045
0.0270575
0.0404203
0.0360420
0.0322752
0.0220335
0.0278031
0.0352812
0.0446692
0.0369163
0.0331773
0.0366776