10309,2,5.43,0,4,1326651
5248,1,4.03,0,7,1261283
34614,4,7.29,11,7,1606150
32530,4,6.13,11,4,1580097
33760,3,8.03,11,6,1617800
32716,3,6.41,11,7,1592651
34040,2,7.27,11,10,1625761
31693,2,6.53,11,7,1596418
31649,0,6.67,13,10,1611366
32293,0,6.42,13,5,1602782
32940,3,6.15,11,7,1598169
36859,4,8.21,11,7,1627805
33047,2,7.07,11,8,1583401
32561,5,6.64,11,7,1582006
32779,3,6.40,11,9,1602167
31643,3,6.34,11,6,1581724
32953,7,6.28,11,7,1593317
32990,1,7.09,11,15,1599754
32900,1,6.82,11,7,1601286
34173,5,7.23,11,9,1625858
34291,2,7.89,11,6,1595537
34990,5,7.53,11,12,1605160
32274,2,6.26,11,5,1594459
33261,5,6.44,11,8,1596618
34167,3,7.09,13,6,1630176
33507,3,7.26,11,6,1592789
36753,3,8.17,13,9,1622073
31810,3,6.14,11,6,1588472
34093,3,6.41,13,7,1602225
32890,5,6.29,11,6,1581979
33898,2,6.90,11,7,1602477
32769,3,7.34,13,7,1598488
32444,4,6.52,13,7,1595625
32604,5,6.89,11,8,1597661
32811,3,6.41,11,7,1593786
32698,3,6.90,11,6,1594088
32157,2,6.06,11,6,1578965
34115,5,7.72,13,9,1623534
34076,4,6.74,11,11,1594115
33409,3,6.57,11,7,1595035
33890,1,7.11,11,9,1622236
32696,3,6.53,11,6,1589441
32654,4,6.30,11,7,1598339
30943,3,5.68,11,5,1585925
31922,1,8.15,13,5,1594935
34700,3,7.15,13,8,1626029
30848,3,6.14,11,3,1569800
34731,2,7.45,11,10,1599040
33318,1,6.35,13,7,1629985
61878,6,10.76,13,17,1982554
60597,3,9.81,12,16,1985776
59536,9,9.12,12,13,1969502
57959,5,9.73,13,13,1939347
56483,9,9.17,12,11,1922146
58855,5,10.18,15,15,1957600
58391,4,11.22,13,17,1958854
61142,8,15.61,13,14,1952221
57730,6,10.09,13,18,1955733
58397,8,10.79,12,16,1938269
58547,5,10.57,15,14,1958055
59660,7,11.16,15,12,1945325
58315,5,10.03,13,15,1954612
60361,5,14.72,13,18,1968332
58138,12,9.31,13,15,1930843
56262,7,9.25,13,14,1944614
53771,3,10.29,13,15,1948915
59354,8,11.07,13,17,1960940
65476,6,78.95,17,32,2006408
57019,8,9.38,13,12,1947202
59073,11,10.67,13,20,1988106
58891,8,18.05,15,18,1979342
59519,8,12.68,12,12,1960644
58405,2,27.11,13,16,1959852
57237,6,9.52,13,11,1934091
57079,8,9.57,13,15,1931124
58583,5,9.56,13,11,1917776
58139,10,9.33,12,13,1952633
56995,10,9.59,12,17,1960584
55960,9,9.62,13,16,1923933
58544,8,10.07,13,12,1955746
59507,9,11.96,12,17,1929146
58135,7,10.03,13,19,1962576
57020,4,9.82,12,19,1926667
56530,8,8.89,13,12,1927723
55340,5,8.88,13,15,1948101
57419,9,9.64,13,15,1941241
55436,4,9.34,13,13,1934707
62761,6,12.29,15,16,1983368
58269,6,9.03,15,12,1935528
55119,7,13.13,13,14,1937385
58612,8,10.00,13,11,1966645
56774,3,8.88,15,11,1944150
56751,6,8.68,13,12,1927825
58361,10,9.16,13,14,1936621
58022,8,9.44,13,18,1983964
59201,3,9.57,13,13,1956129
57124,3,9.17,13,12,1940798
59780,11,10.35,13,15,2027786
261490,35,147.04,20,183,7087881
614876,16,1785.36,703,167,27493703
72094,5,19.97,17,24,2425351
75005,3,12.74,18,13,2540238
61816,4,9.97,14,13,2434768
77203,6,17.11,19,23,2512598
31095,3,8.39,4,19,2054894
68920,5,11.07,18,13,2508085
73807,6,12.19,17,19,2519263
66203,4,11.24,17,16,2505083
48921,3,9.52,14,13,2271388
71007,7,14.50,19,23,2551323
69059,3,11.36,18,18,2553311
69475,4,11.49,18,17,2516516
49825,2,9.83,13,12,2260224
70341,3,23.32,18,24,2527564
44554,2,9.42,14,12,2195315
65067,3,11.28,18,23,2522056
32087,4,7.46,7,11,1963865
68344,6,11.52,19,15,2513392
71369,2,12.29,19,16,2504168
25223,1,7.07,0,12,1979285
9231,0,4.93,0,7,1734585
66993,5,11.17,18,12,2508011
41964,2,8.16,13,12,2185636
70130,6,11.30,19,15,2499895
69981,2,12.08,17,21,2524607
43109,4,8.59,10,8,2182999
8205,2,4.65,0,3,1734223
69235,4,11.85,17,18,2501954
71491,6,11.07,18,18,2497339
70076,4,11.24,17,14,2498321
71251,4,14.09,19,17,2496877
26237,3,6.89,4,6,1904790
38652,3,7.28,8,7,2137014
68116,5,10.75,17,13,2494432
58833,4,9.89,13,14,2371643
43587,6,9.54,13,10,2214423
33111,2,8.52,7,11,1986289
71771,7,11.45,18,20,2511284
56568,2,9.91,14,14,2446087
8879,1,4.91,0,5,1744047
46817,3,9.67,13,10,2226955
35273,3,8.43,6,11,1993276
10233,1,5.80,0,0,1723494
67982,5,11.11,18,15,2487749
68338,3,11.34,19,16,2499742
43168,2,9.64,10,17,2195478
32486,7,8.97,8,13,1982350
37241,3,8.32,11,10,2085329
45988,2,9.43,14,15,2217387
45049,2,8.43,14,15,2198803
69612,4,12.17,19,19,2515741
71327,5,11.77,18,14,2512655
27642,3,8.16,4,8,1937451
27898,4,7.21,0,6,1943125
34665,4,6.99,10,8,1613612
7421,1,3.96,0,5,1268257
8167,3,3.73,0,2,1269757
35778,3,7.00,13,4,1625938
8451,1,3.88,0,7,1290188
32866,3,6.56,10,10,1597329
33098,1,6.45,11,10,1599841
8232,0,11.62,0,2,1267457
33839,2,6.46,11,6,1618227
33220,3,5.84,4,7,1607410
34060,2,6.22,13,7,1620572
33275,2,6.38,13,7,1602927
33402,2,5.85,6,4,1605768
7635,1,3.85,0,4,1292185
7696,0,3.95,0,1,1273693
7051,1,3.93,0,1,1269962
33962,4,7.24,10,12,1621630
33856,4,6.22,11,3,1614026
34888,4,6.28,11,5,1627616
7017,1,3.47,0,1,1259713
34423,5,6.52,11,10,1628095
35102,4,6.26,13,9,1633455
34064,2,6.48,10,5,1606213
33728,4,6.34,11,4,1607357
7828,2,3.51,0,0,1267162
24884,0,4.79,2,3,1510658
7334,1,3.78,0,3,1265145
33250,2,5.64,8,5,1624694
32002,3,6.56,3,6,1614009
33943,1,6.85,11,5,1614933
32984,5,7.02,11,4,1604959
32536,4,6.15,11,5,1596908
28290,2,5.97,4,7,1529414
8160,2,4.13,0,3,1273745
33003,1,6.28,11,5,1615789
7408,4,6.18,0,2,1298623
33346,3,6.38,13,8,1620650
32283,4,6.07,11,7,1593413
36362,3,7.73,11,9,1624379
6561,2,3.64,0,6,1270439
33042,3,6.22,11,5,1603910
32049,0,5.98,11,4,1602205
36492,4,15.32,13,7,1640178
10605,2,3.95,0,3,1336900
35247,2,6.93,6,5,1608944
33132,3,6.40,11,5,1605664
9464,0,5.00,0,7,1359336
40465,5,6.71,12,4,1737876
40679,5,6.28,11,5,1744974
41607,4,6.53,11,7,1720317
40148,2,6.37,11,5,1710267
41311,4,7.63,12,6,1736566
41139,4,6.19,11,6,1735036
42214,3,6.78,13,7,1753980
40779,5,6.42,11,11,1745050
40155,6,6.83,11,6,1738733
43545,3,7.39,11,7,1751399
42948,5,7.24,11,6,1716681
39508,7,6.75,11,7,1721267
45151,3,8.82,11,5,1750806
39572,1,6.66,11,6,1737556
41043,1,7.03,11,6,1727791
41241,4,7.21,13,4,1751307
39501,2,6.95,13,5,1710585
39992,1,6.96,11,4,1743469
40110,1,6.92,11,7,1731845
40914,3,6.88,11,9,1733618
39566,3,7.17,11,7,1722754
39936,1,7.34,13,9,1736829
38538,1,6.54,11,4,1703176
40009,3,6.94,11,8,1727134
40073,3,7.52,11,11,1728770
40423,6,7.53,11,8,1755183
38214,3,6.63,11,6,1720083
41248,3,7.29,11,10,1738404
42458,2,7.89,13,7,1738498
39830,3,6.81,11,7,1729017
39599,6,7.38,11,8,1702681
39119,5,6.68,11,7,1725404
39967,3,6.72,11,8,1726580
38565,1,6.44,11,6,1727236
41993,3,7.76,11,13,1742754
41938,4,8.24,13,9,1741075
38891,4,6.91,11,9,1721361
39513,5,6.85,11,6,1734306
39454,4,7.18,11,11,1741200
39889,4,6.50,11,7,1736723
40465,5,6.71,12,4,1737876
40679,5,6.28,11,5,1744974
41607,4,6.53,11,7,1720317
40148,2,6.37,11,5,1710267
41311,4,7.63,12,6,1736566
41139,4,6.19,11,6,1735036
42214,3,6.78,13,7,1753980
40779,5,6.42,11,11,1745050
40155,6,6.83,11,6,1738733
43545,3,7.39,11,7,1751399
74987,3,11.08,17,18,2369551
72504,3,11.33,17,18,2370326
74009,3,11.32,17,18,2388588
73773,5,11.25,18,16,2400030
73616,6,11.22,17,19,2384724
75665,4,11.08,17,16,2396132
75076,4,11.62,17,18,2379374
76005,2,10.73,17,17,2365501
75654,0,10.93,17,18,2378748
74691,3,11.05,17,13,2398555
74887,3,13.36,17,15,2379344
72392,4,11.08,17,15,2359528
75277,3,12.65,18,16,2404886
75564,3,11.32,18,17,2402077
74463,3,11.16,18,22,2358888
67135,5,11.59,18,14,2387583
76111,6,22.22,18,17,2397844
75667,5,12.40,18,19,2387315
76869,3,12.63,18,25,2417270
71845,2,11.76,16,18,2372197
72040,4,11.39,17,22,2366024
73438,3,11.65,16,25,2480492
74968,3,11.35,17,14,2381173
71594,2,11.97,17,16,2364760
73500,4,11.98,17,20,2350870
69255,11,11.07,17,20,2374107
72973,2,11.33,18,16,2359328
73191,4,11.32,18,15,2362365
73242,6,11.04,18,16,2362876
72269,8,11.44,17,17,2361837
72049,1,11.31,18,16,2345139
71577,5,11.25,18,16,2351302
71390,6,11.51,18,21,2365396
74721,4,13.19,16,24,2418447
72165,4,12.53,17,19,2383900
73523,2,12.79,18,24,2353075
72795,5,12.18,17,22,2356419
71770,2,11.51,18,19,2389245
72523,6,11.13,17,15,2329879
69239,2,10.97,18,21,2351957
71112,5,11.25,18,15,2340934
73277,1,12.26,17,17,2390492
74712,5,12.87,18,17,2359351
71307,4,10.96,18,16,2330160
73280,6,11.23,18,22,2348188
73114,1,12.10,18,17,2380358
70021,3,11.81,16,20,2366761
70924,3,11.58,17,17,2348159
69837,2,10.83,16,15,2342277
30823085,2558,14072.83,676459,111512,1526258469
31146583,2372,14119.72,670370,110089,1515496397
31599231,2715,14126.10,680757,110389,1516473199
31965624,2440,14137.63,676102,110842,1519457375
32244395,2324,14169.06,679408,110042,1522172410
32287184,2441,14110.22,675209,111638,1525531201
31904675,2335,14215.14,676265,111347,1526521810
31042135,2455,14145.17,675034,111451,1528005291
11281032,308,8249.09,683742,6156,1344311191
32045967,2484,14255.65,677344,111252,1528388864
31828488,2389,14213.06,682480,110909,1527761301
31409332,2488,14340.76,679903,111528,1525526505
31069735,2414,14150.86,672405,111598,1525211616
31813606,2472,14271.57,677285,111559,1521266809
32376119,2415,14238.34,679702,112121,1524464097
32250471,2518,14106.33,677650,111206,1516335077
32019659,2585,14169.44,673470,111333,1523181772
31830555,2401,14200.58,678726,111546,1523669122
31529585,2658,14060.98,676554,110621,1518345447
31998516,2350,14148.92,674144,111269,1521567942
31672319,2387,14299.10,678716,111746,1523683180
31351636,2613,14227.72,676349,111074,1518687648
32209208,2395,14175.86,673848,111518,1522628939
31846976,2648,14383.16,701671,111175,1535261570
31030984,2465,14228.83,681845,112112,1522984699
32884848,2591,14136.07,673349,110660,1519732976
11777819,510,8154.38,676552,5606,1331955528
32646608,2640,14162.24,673128,110724,1519225354
32335218,2716,14199.88,680025,110029,1519423782
31693676,2594,14140.47,670677,110309,1519143078
32100870,2564,14150.81,679202,110244,1519282420
11384484,346,8098.29,673958,6056,1339785351
31880505,2625,14135.40,678562,110933,1520816688
32345253,2597,14135.33,677506,112030,1517900575
31203872,2343,13973.09,675917,110661,1525508649
30864709,2946,15066.44,678287,110729,1527413654
32741362,2830,15800.86,677456,111644,1520652582
30781174,2627,15827.10,683749,112006,1533554877
12648886,326,8931.15,683771,5621,1342555741
16400896,261,11909.15,676003,6831,1345421965
32470257,2413,14810.35,671874,110835,1521184608
30556200,2618,15356.31,673472,111179,1528503883
31878690,2824,15036.32,671369,111217,1520582541
30960754,2754,15136.12,674931,111064,1529741039
11549040,353,8088.49,683286,5412,1341524808
31493145,2581,14056.33,675042,111229,1522195022
31903615,2542,14157.90,677781,110241,1527673743
32067766,2549,14139.54,676594,111451,1525718135
32041497,2452,14050.06,673815,110673,1517697515
32859717,2512,14262.95,683566,111526,1530016989
