0.00012118
0.00011785999999999999
0.00011979999999999998
0.00012169999999999998
0.0001478
0.00011768
0.00012289999999999998
0.0001217
0.00012289999999999998
0.00011940000000000002
0.00011869999999999998
0.00011785999999999999
0.00011789999999999999
0.00011856
0.00011994
0.00011786000000000001
0.00011994000000000002
0.00011785999999999999
0.00011789999999999999
0.00011850000000000001
0.00417462
0.0037792
0.00418504
0.004171059999999999
0.00448606
0.0047405
0.0042443
0.00417462
0.00471078
0.00439296
0.00396038
0.00417462
0.00526084
0.0042443
0.0042250000000000005
0.00446388
0.00418578
0.003914320000000001
0.0050014199999999995
0.004964120000000001
0.00227598
0.00245002
0.0022109000000000005
0.00224128
0.00239586
0.0022700999999999997
0.0022221
0.00222106
0.00229894
0.00229606
0.00222264
0.0024078199999999998
0.00221596
0.0023995799999999997
0.00239586
0.00226828
0.0023958599999999997
0.00220822
0.00239958
0.0023274
0.00018376
0.00019784
0.00018828
0.00019112000000000003
0.00018048
0.00017691999999999998
0.00017902
0.00019784
0.00019228000000000002
0.00017833999999999998
0.00019066000000000002
0.00019066000000000002
0.00018694
0.00018454000000000002
0.00018364
0.00017838
0.00018128
0.00018119999999999999
0.0001833
0.00017882000000000003
0.0003809400000000001
0.00038118
0.0004546
0.00038545999999999996
0.00045252
0.0003809400000000001
0.00039108
0.00038038
0.00038852
0.00038054000000000007
0.00039057999999999996
0.00038898000000000003
0.00038864
0.00038028000000000004
0.00039002
0.00039947999999999996
0.00039057999999999996
0.00039057999999999996
0.00038462
0.00038024
0.01350482
0.00467772
0.0056634400000000005
0.004894539999999999
0.00568318
0.007402639999999999
0.005006599999999999
0.0049395
0.004488279999999999
0.00574536
0.00672002
0.00550506
0.01267914
0.00550506
0.006358899999999999
0.00484496
0.01364144
0.00484496
0.006358899999999999
0.0056634400000000005
0.1861033
0.05061162
0.054819379999999994
0.05388952
0.12359174000000002
0.03121876
0.12359174000000002
0.0356465
0.039519420000000006
0.04382968
0.0952677
0.06903662
0.07005602
0.05061162
0.10561499999999999
0.09840148
0.09137006
0.1861033
0.06709644000000001
0.03790474
0.03637068
0.034831600000000004
0.03982958
0.1310661
0.030562320000000004
0.03334898
0.1534134000000002
0.035771580000000004
0.034782579999999994
0.03366262
0.035771580000000004
0.03338604
0.12276792
0.04146126000000001
0.10435428
0.03675644
0.10435428
0.033354499999999995
0.133383
0.07836424
0.02016174
0.020522320000000004
0.01986822
0.02045854
0.020522320000000004
0.01992394
0.02022344
0.02206766
0.01993774
0.0217157
0.02034874
0.0199296
0.02012246
0.02026938
0.02444948
0.020522320000000004
0.02380332
0.0200479
0.021245140000000003
0.0202535
5.9387200976
5.9483697906
6.0151295288
5.9814177282
5.9581743996
5.954891423000001
5.954891423000001
5.9416406418
5.956932473
5.9668621426
5.9451361178
5.9699332116
5.916067673000001
5.9416406418
5.9581743996
5.9445886967999995
5.9377961692
5.9377961692
5.9581743996
5.9581743996
