0.00012696697601401522
0.00011617529736755262
0.00012416380750556025
0.00011956971564323062
0.00011949020235844455
0.000124100771132226
0.00012128417002184045
0.00011786744316704228
0.00011874012290647222
0.00011785312236330975
0.00011010506240935197
0.00011272973115519144
0.00012307190956903618
0.00011663743226813165
0.00012536406513602975
0.00011437030597335203
0.00012215478569315702
0.0001071402787143207
0.00011804830421263178
0.00012112044812575825
0.004382711860719195
0.003988808948393936
0.0035054057306534024
0.0042457145028959205
0.004318204840618039
0.0031022036735337674
0.004451890928426142
0.0045782589099759635
0.004220425973776899
0.004483220882134938
0.0052481944992464735
0.004860506916192925
0.00463523923478867
0.0045794097176177296
0.003982638438292083
0.004433530009054578
0.00422719713720763
0.003984058552028244
0.004336495275789804
0.0040908709989447775
0.0022175176308428853
0.002363458850097265
0.0023526692646265142
0.0023041536634427254
0.002284595031303803
0.00228930685762667
0.0023502092796915818
0.002292883207588274
0.002286814050013506
0.0022454944268320647
0.0023306938904546766
0.00235094607881055
0.0023231303701834877
0.0023336575638343315
0.0022725437801243186
0.002307824873733839
0.002358173490395763
0.002377466534808971
0.002305933348911516
0.0022334871687205156
0.0001959117461706218
0.00018071371394258335
0.00018415856361170396
0.00018905413245533625
0.00018836704437769815
0.00018159693645349265
0.00018270473380590458
0.00018737319772072113
0.0001868943484704972
0.000168212758528861
0.00018029732227400482
0.00018297679944354056
0.00018232567403725686
0.00018500280629487568
0.00018658589723530595
0.00017888224192739364
0.00018664103962142092
0.00017710966130227588
0.0001782802277912834
0.00018275776253660046
0.00039298502006125197
0.00041704871811339687
0.0003463128421477587
0.00036912121673230634
0.0003894696685353558
0.0003864171736754345
0.0003940062441850955
0.00037615495579590517
0.00038768937702740954
0.00040445607505879737
0.0003865067217324162
0.00037897354066908855
0.0003639135216822417
0.0003708486136340933
0.00037913331505340625
0.0003850576339326256
0.00040470598845223423
0.0004092269284631404
0.000383281019911409
0.0003994083341643352
0.006801593264099444
0.004217819729774322
0.007089339264668487
0.006849206449753488
0.006130018221575067
0.006585806140540145
0.004227057041291382
0.0057949273176458
0.006819103399502373
0.004294528992765079
0.004893976673918861
0.005886391718123627
0.00522883810859481
0.005513701161544573
0.007498719715151345
0.001495675306609702
0.00694663897346905
0.005469913876786025
0.006852628747172054
0.005061921002373209
0.113813271
0.09753971
0.102274998
0.086392135
0.057338935
0.071656543
0.019511625
0.035656204
0.083426103
0.034114264
0.063668164
0.108640346
0.051594872
0.115603761
0.072249882
0.129872721
0.121219986
0.05725299
0.066759532
0.003868193
0.14573265913424083
0.054312328055843115
0.0037339345338810587
0.056631353802169285
0.014985386041989956
0.09334041042253517
0.14428125190221613
0.13936634382900784
0.07263442922146748
0.1511507329687287
0.022479745042939675
0.07216785953167631
0.023239941142508824
0.04827664007684524
0.013998555203729383
0.1339744319832153
0.015067993645081462
0.0473339300624796
0.036367856447144534
0.09179720618766948
0.02179861485190018
0.021946155594544885
0.02160047271393531
0.020768139208846726
0.02040238897681478
0.02231526224157921
0.021431663956124444
0.020840090938845774
0.021202038234055635
0.02383378735139596
0.020372365837347334
0.02159155064251683
0.019070280189502086
0.022469276930902983
0.02214383211204126
0.021031586578036752
0.02345378179346897
0.02078047431115873
0.02044115166982894
0.020268061432096834
5.946538428915851
5.922668870458805
5.9298109303222795
5.90879261984861
5.905031099540557
5.875806730539179
5.945062631545107
5.995479373351775
5.894185458885593
6.139852501633568
5.91271613868294
5.938830605275424
5.914294317630737
5.949972596035666
5.961609675381341
5.855128925072738
5.96607377545784
5.953453333288056
5.904197505370065
5.905187619354916
