-1257768.1868758937
-2382853.1303997873
-317988.887198772
-393827.1464203328
-1018026.7366918651
-63306.442569002815
-342099.42638509907
-402858.9139888406
-360778.2239973887
-251438.70359587087
-2097154.976886584
-2485610.6620597537
-62502.68794977671
-184991.13661285193
-1742561.352884213
-2324459.368077801
-1709771.6585256865
-2738748.2434113123
-62680.63293136336
-2030675.7369667275
-2598935.5060622846
-704002.6786745001
-1194976.7320745203
-1150600.565230256
-1179472.1776872769
-2213291.8915444785
-1732248.7546028432
-2555659.27224938
-1473379.212091802
-2488459.2948693037
-2080706.1212135726
-2612144.734464552
-2368809.2945794123
-1697307.140105368
-1237703.117651534
-2474068.548266295
-1126425.4841145896
-887675.5685665932
-2373351.232055187
-1480338.4612193562
-2549639.473388922
-96721.8142318743
-65854.42775180933
-304825.7834881628
-172423.5123490247
-602165.3864827915
-805691.6748842346
-65232.367719787806
-1694630.8832720306
-1574926.4028670473
-65868.52472658214
-252078.218928658
-65320.81051685742
-64803.771963665225
-159694.55290056323
-1261811.873682039
-222842.19833268356
-432584.30088029086
-64331.33709168189
-2101191.245497619
-62425.72557641392
-255481.18471380317
-2510811.5436525596
-820612.8814524497
-1087069.945388848
-517731.60664985114
-58065.88063158317
-255824.47716464254
-1039361.0815213476
-62995.6164718595
-892087.7523355993
-913266.4003892412
-62283.97239637793
-1986209.5906859962
-1764494.344845126
-739684.292186221
-62861.424701982934
-1353942.2749940143
-62584.04370391284
-1256022.859794814
-580874.5419122075
-2535819.145003091
-2625890.934972245
-177225.9817926324
-2611058.073953662
-538555.7809817792
-63481.58587377737
-2115478.3908646978
-779149.3553639954
-703953.50271611
-58689.69059521571
-928776.1907559113
-357720.3012449745
-124739.74242409572
-62920.30271443476
-63210.54765511889
-4376.891823775997
-58206.742335576535
-263253.74771212396
-1986710.868836975
-2384750.5752820075
-3198210.079651463
-2021233.342636039
-2828029.5250084093
-613654.5441329422
-1436244.6437852562
-772374.8238670704
-722199.6804010986
-542495.6214603698
-1509567.402785427
-842393.6639386406
-3628621.390223845
-2220019.7013536016
-3585963.9994662516
-1789188.8402495468
-82171.52883519336
-2341729.0035542655
-186159.3428978115
-1768978.3748091008
-2082649.2195021294
-3062360.1302680485
-2151289.4477492846
-1902627.7254863884
-1968011.8544749261
-855989.1933582678
-74112.18164868496
-847932.9356253203
-1646348.8876615483
-72928.38824239523
-1178445.7924394635
-151751.77268672717
-307505.8146801873
-354816.99598530657
-2108998.296231819
-72468.58181787956
-2539361.852826896
-2412157.5164805767
-3034059.1803868925
-379761.04073096614
-238927.59117690643
-2070970.7994926397
-3139683.9176192903
-1007833.8547076558
-2222348.211560466
-1081989.9684691671
-1844415.8630816182
-3060988.10660486
-2141051.971218826
-2363358.2910993393
-1891361.5720373434
-2135392.9593336834
-2427325.432239036
-2907166.101932042
-946197.0606039624
-2638497.601975563
-1290337.499579778
-2702157.105209781
-1776606.9414917508
-2337335.3972907597
-1557443.0427154345
-1216692.6616148038
-3857134.374278429
-1421195.0958259567
-2760500.570411515
-3815217.402529715
-1351805.0873074457
-1455676.0163758276
-3242003.0160989948
-961369.7383545821
-1671145.8849461647
-3600360.8752300437
-924668.702570422
-1081544.285784547
-2220176.0389222507
-1881440.0276152785
-3769384.189555326
-1840979.2992374662
-1268199.7098830845
-584292.6340332279
-843621.6661945964
-23567932.86771131
-24020070.473070018
-11779519.776665378
-35710923.22656015
-34810738.20644832
-23163239.782860376
-23197415.282175735
-23148316.35425473
-47191238.723105974
-47038905.822491325
-23252388.918541253
-22921062.75797706
-23048461.206289116
-23189038.236932546
-34733844.19995405
-23951017.272592492
-23892910.305542093
-23928066.72330893
-34707818.168482356
-34669461.45647101
