0.00012000099999999996
0.00011908299999999994
0.000125854
0.00011914900000000001
0.00012101699999999993
0.0001424350000000001
0.00013818200000000004
0.00011963399999999997
0.00011911799999999997
0.00011987199999999997
0.00011929800000000001
0.00011888099999999995
0.0001229990000000001
0.00013771600000000002
0.00011927299999999997
0.00011854199999999996
0.00011909799999999998
0.00011897399999999992
0.00011892500000000009
0.00011908
0.004272822000000002
0.004460060999999999
0.004121897
0.004269541000000001
0.004033980000000003
0.004907248000000001
0.004144225000000003
0.004453650999999999
0.0041576529999999985
0.004259311
0.004466162000000003
0.00472239
0.004532118000000002
0.004222530000000001
0.0044190520000000014
0.004124506999999999
0.004381454999999999
0.0041004520000000036
0.004711962999999996
0.003988520000000001
0.0022623630000000007
0.002251434
0.002225568
0.002228002000000001
0.0022186420000000007
0.0022738489999999992
0.0023210960000000012
0.0022922259999999996
0.002260804000000001
0.0022685829999999994
0.0022442450000000006
0.002293023000000001
0.002352998
0.002326565
0.002260099000000001
0.0023333620000000003
0.002465278
0.0022405090000000003
0.002226842
0.002256105
0.000200078
0.00018977499999999994
0.00018953999999999998
0.00018277199999999996
0.00018839200000000004
0.0001825320000000001
0.00018681800000000008
0.00019307899999999997
0.00018505899999999995
0.00020131199999999988
0.00017840200000000009
0.0001792610000000001
0.00018513900000000007
0.00018928800000000002
0.000185602
0.00017805200000000008
0.00018581600000000002
0.00020321500000000013
0.00018386500000000004
0.00017981899999999995
0.0003939830000000002
0.0003853780000000002
0.0004063890000000002
0.00037821600000000034
0.0004091539999999999
0.0003936399999999999
0.0003859669999999999
0.00044992599999999964
0.0003875209999999999
0.00038440500000000004
0.000392249
0.0003935590000000001
0.0003849750000000003
0.0003852780000000001
0.00039467200000000037
0.0003919000000000003
0.0003872759999999998
0.00042085099999999986
0.00040191900000000004
0.0003814940000000001
0.0049489409999999975
0.004558459999999997
0.0060288539999999976
0.0053173479999999995
0.006539626
0.007150821999999998
0.0057340440000000015
0.005977562999999999
0.007175025000000002
0.006981042000000001
0.0055462880000000025
0.0050656730000000014
0.005600016
0.005361912000000004
0.005436521000000001
0.005999002999999998
0.005501793
0.010106694000000001
0.012940978999999997
0.005178187999999998
0.18358880800000002
0.04918259099999999
0.06261921199999997
0.04510078700000002
0.06062173000000004
0.03837081600000001
0.05965533800000001
0.041293014999999995
0.12720491500000003
0.4307719580000004
0.08895383999999996
0.049771985
0.04045534700000001
0.057472443999999984
0.04007553199999998
0.128724073
0.059894094
0.18172969799999997
0.04490653399999999
0.03391611599999999
0.03373177699999999
0.047081320399999974
0.03936842940000001
0.033085376
0.033983858000000006
0.108877602
0.09899765700000002
0.23370272300000003
0.05264705239999996
0.20776942
0.036975103
0.03252845199999999
0.0850664718
0.05542049299999998
0.033875297
0.24100309799999986
0.040334831000000015
0.03716769100000001
0.0401175844
0.04240228600000001
0.022026423000000003
0.022458892999999994
0.020895478000000006
0.020570288000000016
0.021289239999999997
0.02211231300000001
0.020396473999999998
0.022235477000000007
0.021199486999999993
0.024157798999999994
0.02054546200000001
0.023633567000000015
0.020330679999999997
0.021911546000000018
0.02193748900000001
0.021084344
0.023765994000000002
0.02009544199999999
0.022606040999999993
0.0200422
5.94850304849
5.9629769340599985
6.013035721749994
5.936173153280002
5.91630483486
5.911770717460002
5.91681859389
5.969926701170001
5.98260208869
6.0506760901
5.9143646905499985
5.919004910920002
5.9461859465
5.957473081309997
5.982363414489998
5.9586482024099965
5.928063484280001
5.954181776889997
5.956668760339998
5.935727807669998
