0.00018549999999999817
0.00018549999999999817
0.00018549999999999817
0.00018549999999999817
0.00018549999999999817
0.00018549999999999817
0.00018549999999999817
0.00018549999999999817
0.00018549999999999817
0.00018549999999999817
0.00018549999999999817
0.00018549999999999817
0.00018549999999999817
0.00018549999999999817
0.00018549999999999817
0.00018549999999999817
0.00018549999999999817
0.00018549999999999817
0.00018549999999999817
0.00018549999999999817
0.0062188000000000035
0.0062188000000000035
0.0062188000000000035
0.0062188000000000035
0.0062188000000000035
0.0062188000000000035
0.0062188000000000035
0.0062188000000000035
0.0062188000000000035
0.0062188000000000035
0.0062188000000000035
0.0062188000000000035
0.0062188000000000035
0.0062188000000000035
0.0062188000000000035
0.0062188000000000035
0.0062188000000000035
0.0062188000000000035
0.0062188000000000035
0.0062188000000000035
0.0027328999999999964
0.0027328999999999964
0.0027328999999999964
0.0027328999999999964
0.0027328999999999964
0.0027328999999999964
0.0027328999999999964
0.0027328999999999964
0.0027328999999999964
0.0027328999999999964
0.0027328999999999964
0.0027328999999999964
0.0027328999999999964
0.0027328999999999964
0.0027328999999999964
0.0027328999999999964
0.0027328999999999964
0.0027328999999999964
0.0027328999999999964
0.0027328999999999964
0.00022284999999999666
0.00022284999999999666
0.00022284999999999666
0.00022284999999999666
0.00022284999999999666
0.00022284999999999666
0.00022284999999999666
0.00022284999999999666
0.00022284999999999666
0.00022284999999999666
0.00022284999999999666
0.00022284999999999666
0.00022284999999999666
0.00022284999999999666
0.00022284999999999666
0.00022284999999999666
0.00022284999999999666
0.00022284999999999666
0.00022284999999999666
0.00022284999999999666
0.0005618499999999957
0.0005618499999999957
0.0005618499999999957
0.0005618499999999957
0.0005618499999999957
0.0005618499999999957
0.0005618499999999957
0.0005618499999999957
0.0005618499999999957
0.0005618499999999957
0.0005618499999999957
0.0005618499999999957
0.0005618499999999957
0.0005618499999999957
0.0005618499999999957
0.0005618499999999957
0.0005618499999999957
0.0005618499999999957
0.0005618499999999957
0.0005618499999999957
0.021075600000000003
0.021075600000000003
0.021075600000000003
0.021075600000000003
0.021075600000000003
0.021075600000000003
0.021075600000000003
0.021075600000000003
0.021075600000000003
0.021075600000000003
0.021075600000000003
0.021075600000000003
0.021075600000000003
0.021075600000000003
0.021075600000000003
0.021075600000000003
0.021075600000000003
0.021075600000000003
0.021075600000000003
0.021075600000000003
0.13196167744805506
0.12973451150809942
0.1279965034572191
0.1283822011112494
0.13108505738363488
0.12924728511231193
0.1311625940633128
0.1272253991415244
0.12924939992305498
0.1291150615607107
0.12950795740197374
0.13043398340452858
0.13070415410586667
0.12944196252041415
0.1292448295479975
0.13271809662349562
0.13214385030520423
0.13210485740693065
0.13091758930275796
0.13000146726578474
0.12992984585722045
0.1337559096201541
0.13047718997061986
0.13042510200319773
0.130472668389638
0.12972160514558645
0.13398115620151885
0.13018332030917562
0.13104413550847654
0.12965272695003136
0.13015347278858994
0.13136485795736166
0.1335667831472423
0.13038033727867265
0.13243529429973158
0.13031451263147867
0.13275718174079298
0.12964905830858628
0.13093021576555636
0.12987433401511905
0.03208365
0.03208365
0.03208365
0.03208365
0.03208365
0.03208365
0.03208365
0.03208365
0.03208365
0.03208365
0.03208365
0.03208365
0.03208365
0.03208365
0.03208365
0.03208365
0.03208365
0.03208365
0.03208365
0.03208365
5.972393826711812
5.971543665121119
6.024550883681328
5.9625097810573084
5.961867264541653
5.973955787147979
5.973947406732595
5.973673681854417
5.976302170813944
5.976354075344475
5.9738406838730045
5.974636482342228
5.97419719077441
5.973657865951307
5.961875318614587
5.971701246856217
5.971768942498297
5.971728223295308
5.961844084246069
5.961810141311773
