3.0440000000000003e-05
2.97e-05
3.149999999999999e-05
3.0900000000000006e-05
3.06e-05
2.9699999999999997e-05
3.0199999999999995e-05
3.204e-05
3.04e-05
3.074000000000001e-05
3.0440000000000003e-05
3.1559999999999996e-05
3.122e-05
3.854e-05
3.18e-05
3.0940000000000005e-05
3.0160000000000003e-05
3.076e-05
2.97e-05
3.2040000000000005e-05
0.0032103400000000003
0.0034400600000000004
0.00348632
0.00314288
0.0032617
0.00324368
0.0034515400000000003
0.0032136200000000004
0.0033782599999999997
0.00338038
0.0030908999999999997
0.0032064000000000003
0.0031580999999999996
0.00314288
0.0035434
0.0034536
0.0032260400000000003
0.0032265999999999996
0.00313952
0.0032265999999999996
0.0005289200000000001
0.00055098
0.00054066
0.0005273599999999999
0.0005553800000000001
0.0005627999999999999
0.00052216
0.0005114599999999999
0.00052224
0.0005271200000000001
0.0005404
0.0005227200000000001
0.0005090800000000001
0.0005526
0.0005694999999999999
0.0005648000000000001
0.0005547600000000001
0.0005941
0.00052624
0.0005404
4.6259999999999994e-05
4.705999999999999e-05
4.904e-05
5.598e-05
5.6099999999999995e-05
5.046e-05
5.3740000000000004e-05
4.7380000000000004e-05
4.638e-05
4.692e-05
4.858e-05
5.656e-05
4.6700000000000003e-05
4.7380000000000004e-05
4.9739999999999995e-05
5.656000000000001e-05
4.967999999999999e-05
5.598e-05
4.988e-05
4.7860000000000006e-05
0.00010760000000000001
0.00014140000000000002
9.969999999999998e-05
9.968e-05
9.69e-05
0.00011572
0.00010103999999999998
0.00010948000000000002
9.89e-05
9.7e-05
9.865999999999998e-05
0.00010928000000000001
0.00014264
9.738000000000002e-05
0.00010704
0.00010692
0.00010118
9.862e-05
0.00010922
0.00010918
0.0052686799999999995
0.00556946
0.00573242
0.00519812
0.00544686
0.00536472
0.00543482
0.005619600000000001
0.00533334
0.005336779999999999
0.00592176
0.00573774
0.00552328
0.005244759999999999
0.005522259999999999
0.0056171599999999995
0.00553512
0.0053922399999999995
0.005571379999999999
0.00536472
0.00758514
0.00866412
0.0066308800000000005
0.00808274
0.00709796
0.0075597
0.00764078
0.0078783
0.00807918
0.0080771
0.008569
0.007226679999999999
0.00721126
0.007803879999999999
0.00824054
0.00684844
0.006717400000000001
0.00758514
0.007591280000000001
0.00770706
0.00786202
0.00789992
0.00770472
0.01360916
0.010031700000000001
0.007505240000000001
0.008169679999999999
0.00851898
0.008113539999999999
0.0075733599999999995
0.00849076
0.0136053
0.0089832
0.008113539999999999
0.00830316
0.01349974
0.009345679999999999
0.0100317
0.0080231
0.008644740000000001
0.02939882
0.021358580000000002
0.02218464
0.023269800000000004
0.02639722
0.023953320000000004
0.02823648
0.021531180000000004
0.023714139999999998
0.02171464
0.029281079999999998
0.02939882
0.02939882
0.030299319999999998
0.019936699999999998
0.02135858
0.02135858
0.020320459999999995
0.02520032
0.018348539999999997
0.25794726340000007
0.2531427882
0.27131944139999997
0.27188883820000004
0.27955930900000003
0.2801170642
0.27180689659999996
0.25146057580000003
0.25813537119999996
0.2713194414
0.2516658888
0.25146057580000003
0.2843929834
0.25522575059999997
0.2592399516
0.2516658888
0.27188883820000004
0.24961733180000004
0.252009032
0.2510241464
