2.4018831225365712e-05
3.0170958363420304e-05
3.658750177488e-05
3.300784691224591e-05
3.310553082916035e-05
4.171258682427567e-05
3.08591921023342e-05
3.1440240489991315e-05
2.3907740642873942e-05
3.0225712293546597e-05
3.400133416929354e-05
3.659967885106112e-05
3.894017017543443e-05
3.385486134506324e-05
3.95858428931153e-05
3.319234304784891e-05
3.643235521120748e-05
3.0830300622339916e-05
3.603141281168532e-05
3.267867360407138e-05
0.0031270534994834714
0.003148858615118618
0.003265667341856333
0.0031757712270660517
0.0032802600076061285
0.0034375322730811246
0.003170632639282501
0.003453189005409405
0.0033528025407115252
0.0034324417223110418
0.0031135623204521907
0.0031609970868709046
0.0031696899353623087
0.0032721481378708817
0.0030958419251189374
0.0034796553836709764
0.003298858054610458
0.0029521291414763783
0.0030952439376960798
0.003291697399139925
0.0005255674721084336
0.0005350560087120698
0.0005569478074930928
0.00055603288996878
0.0005132804588253119
0.0005283251907176612
0.0005355079369873252
0.000527679576338323
0.0005454198621759514
0.0005441752506175924
0.0005489980006315137
0.0005642621823892098
0.0005389716024217772
0.0005142890775311171
0.0005744914346156878
0.0005585803088671476
0.0005637249868796246
0.000530281818183105
0.0005590331459172936
0.0005279545275518315
4.659270420801943e-05
5.17694272354541e-05
4.9304343355420845e-05
4.795254121451954e-05
4.719798810819225e-05
4.927180601134343e-05
4.858785317602155e-05
4.710270735083051e-05
5.5902630107439e-05
4.9825017705918307e-05
4.886543082837931e-05
4.765873065999563e-05
4.6440078571571886e-05
5.2854874279082716e-05
5.397362472353124e-05
5.0741059663210855e-05
5.024186266963672e-05
4.9199431507754246e-05
4.888272729918801e-05
5.043011537208389e-05
0.00010232862451247212
0.00010941226742533295
0.00010574068434231152
0.00011453139883339642
0.00010372490127288445
0.00010831546480692955
9.687243923964519e-05
0.00010361217328446117
0.00010976419011345143
0.00011848416516595989
0.00010271007264200042
0.00011125152130779555
0.0001022601722263831
0.0001087359133154891
9.728238098244818e-05
0.00011057181015069844
0.00011155270450282139
0.00010435700522905377
0.00010900123498811463
0.00011315807384736268
0.005511806459764867
0.005735884781832605
0.0058363410212563804
0.005534336957772313
0.0056320954200118145
0.0053385707827611085
0.005497033570523743
0.005492012487953615
0.005726265683017624
0.004945411694687059
0.005511038664648308
0.005579220966296827
0.005479560499673329
0.005379112445089692
0.00565197921199191
0.005549288716765201
0.0057303679522341475
0.0057037903451390565
0.005619120319644666
0.005622198185317253
0.008060087356006789
0.004471878244636544
0.007675624772756351
0.00661918194058414
0.0065152958245520065
0.006312074936513215
0.0070717337600258705
0.007852609801642802
0.00846567832880971
0.008301941059689446
0.00791340211056043
0.006299849411915255
0.007829983894346802
0.0065370667499480084
0.007617419837956378
0.006892759607498889
0.006592180465795197
0.006782839437423788
0.007048652001465356
0.008397328438635042
0.009127465400433406
0.008561063983073268
0.0091545355226323
0.01988827020022373
0.008834380862156318
0.007202512900246528
0.00862666133309687
0.015735392123564416
0.008648751052991153
0.008039460673180246
0.008042623692629872
0.01753941780717648
0.00800601250703256
0.008432039956598867
0.008034359922440091
0.011243974561346261
0.011059681644580422
0.011577204874498597
0.008177254498456077
0.008184327658921723
0.025972370146150447
0.02422509042592625
0.007357030890260626
0.024875810191768485
0.022854328889046364
0.025973054736807465
0.021312251658169714
0.024538749416989056
0.022839732494659398
0.024164263745615186
0.023541375309295107
0.02141907765576948
0.02790476883662172
0.02759064324565169
0.02503946057246412
0.019192145861196164
0.02020250806820329
0.023121569540557895
0.015125351947252197
0.021199689675976484
0.26931441994629807
0.26322560594940875
0.26534188147242893
0.275892632704863
0.2615045919163968
0.2644641576442974
0.26750874850577006
0.26774874231185136
0.2577623089963943
0.2626284549348584
0.2764711268446567
0.2647807489055225
0.271881046234698
0.2768898031424605
0.26061792699656916
0.2549772630160822
0.26646978160559764
0.270421934269277
0.26736125395372407
0.25509105539112165
