-44981.039405359705
-44549.288497477995
-47750.995633242375
-45986.160404508075
-44601.991963588844
-44551.56110426358
-44495.99422621294
-44822.197451318985
-44697.501086539014
-44012.18585420894
-44995.07863484381
-44863.04225929527
-44634.66457007155
-45187.58896913683
-44661.34721781567
-44706.85116730365
-44584.51923906986
-44613.12711521013
-44542.75598275761
-44832.7105773998
-66633.10137974445
-66673.3778730573
-66729.2946187499
-67306.95196688648
-66085.12547132059
-66533.6437323767
-66687.52284588064
-66499.55862063795
-67219.68467928657
-66957.11783170504
-66443.31428968017
-66565.3488756687
-66658.6311356876
-67167.81577397515
-66243.16124491273
-65929.22964798844
-66033.31253245
-67983.58689249422
-66323.76554721633
-67645.86099876542
-45826.66472961419
-46225.30818648405
-45934.3735842928
-45758.16237979432
-46602.962781051225
-45987.262143976506
-46064.733755516376
-46189.975642251855
-46172.32323178493
-46506.691020033286
-46209.095677921476
-46048.21780370954
-45854.74897289241
-46217.511003008454
-46231.403552487485
-45962.34423942285
-45938.04341003213
-46293.579021559686
-46189.93688843713
-45940.622300656345
-43679.217475337675
-44255.56769803201
-44165.90586674024
-44423.88644824285
-44368.05863519558
-44017.208136064866
-44682.69879606697
-43837.434688979956
-44596.237705092724
-44320.94200342442
-44620.600544715635
-44369.320693508394
-43980.12172123303
-43833.805847966774
-44550.59745327238
-44365.179304876256
-44550.91370090693
-44398.10408753408
-43994.77433467037
-44086.42772487923
-42399.23259037726
-42697.73871889537
-42642.29419229289
-42514.27031086639
-43410.11130614889
-41939.083770045945
-42578.75222726904
-42805.650318026834
-42485.643954417086
-43495.996497819564
-42980.83134858976
-42229.25158926146
-42726.700822783285
-43159.90884611085
-42343.718795812056
-42839.252835899235
-42598.00655998155
-43077.44921705437
-42303.63730557689
-42426.72719584758
-62619.32951649528
-62409.812513810655
-65635.05004606389
-63249.333137645444
-63045.612285233685
-63201.140186907316
-63099.19311349934
-62783.163991355425
-63163.01545810103
-63348.24010283276
-62865.12492991615
-62302.663247848206
-62515.20518214132
-63702.66295502514
-62781.495026177676
-63969.99809446531
-62719.4777863835
-62723.766302190146
-62866.82015636564
-63192.0905309565
-56514.486659367074
-1651792.0976665034
-56716.11664160916
-56354.82454098497
-56355.46029584018
-56760.00329360256
-56502.497556892406
-56436.332222405974
-56062.23580193196
-56042.68042562136
-56337.56186544636
-56872.31662340113
-56129.21148051194
-56442.98651667607
-56058.56709625024
-56191.12441232158
-56675.540293073886
-56524.39176770298
-56794.632861334554
-56541.96091829779
-67226.01328655495
-67476.05393100149
-67238.08342733042
-3314421.2239105026
-68310.6949891931
-67363.5361800227
-66936.22424312081
-2196313.0354873026
-67358.65083782995
-67391.92539569235
-66967.56375375838
-3112121.1616754094
-67671.07557628068
-67395.50097341769
-67879.46538058482
-3075487.5903497897
-68003.64717256653
-68207.86463419387
-67196.56538523342
-67021.41223450004
-65338.77011766959
-64781.39980766786
-3089697.7316689757
-64640.558434052975
-64645.34066997737
-1057883.6383834253
-64658.198605596575
-64549.473710988335
-64136.16677393402
-64727.13791609207
-64039.12991981824
-65106.828603484624
-65801.3156210887
-65127.57587654814
-64284.88700800439
-65078.10511344059
-64758.64405753183
-64425.253566767
-2917231.115636827
-64409.448244318795
-6186122.280517203
-6192301.592781089
-6011183.029014151
-6080956.204898649
-6061177.452153217
-6133873.668291795
-6026802.844606655
-6181559.807068355
-6147154.325718883
-6008830.89023719
-5970870.13933243
-6178096.733078994
-6041854.512151297
-6202866.470547813
-6216378.058596885
-5971979.987366404
-6080617.378289379
-5907670.700956984
-6195536.77023635
-5152254.289812778
