3.241599999999998e-05
3.891999999999997e-05
3.071300000000001e-05
3.0656000000000006e-05
3.0421000000000012e-05
3.3537e-05
3.3691e-05
4.6636999999999974e-05
3.0812000000000016e-05
3.362000000000002e-05
3.112800000000002e-05
3.055e-05
3.849800000000002e-05
3.204800000000001e-05
3.214600000000001e-05
3.3515000000000014e-05
3.065500000000001e-05
3.113299999999999e-05
3.066900000000003e-05
3.1602000000000014e-05
0.004271500000000003
0.00445156
0.004391540000000002
0.004478000000000001
0.0044731200000000014
0.004609090000000001
0.004494850000000002
0.004454699999999998
0.004360339999999999
0.004418689999999999
0.0042355100000000005
0.0044731200000000014
0.0043522599999999976
0.004424810000000004
0.004439840000000001
0.004930029999999998
0.004352389999999998
0.004401760000000003
0.004534080000000001
0.004436609999999999
0.000534303
0.0005354369999999998
0.0006059030000000002
0.0005423399999999999
0.000531117
0.0005443320000000001
0.0005227989999999998
0.0005596799999999999
0.000560654
0.0005409839999999997
0.0005342609999999997
0.0005484719999999999
0.0005326499999999996
0.0005154479999999998
0.0005604269999999998
0.0006145890000000002
0.0005906300000000001
0.0005345519999999999
0.0005512909999999998
0.0005274969999999998
4.6886000000000005e-05
5.0129999999999976e-05
5.052200000000002e-05
4.810099999999998e-05
4.8183999999999985e-05
4.640099999999999e-05
4.913e-05
4.625800000000001e-05
5.0223e-05
5.370200000000002e-05
4.9003000000000005e-05
5.1578999999999975e-05
4.7525e-05
4.757400000000001e-05
5.0120999999999976e-05
4.696299999999998e-05
4.713499999999996e-05
5.150100000000004e-05
4.647000000000001e-05
6.471900000000004e-05
0.00010948900000000005
0.00021291399999999992
9.875500000000003e-05
9.999e-05
0.00010361800000000004
0.00010743000000000002
0.00011881299999999991
0.00010108999999999998
0.00010184000000000001
0.00012281399999999993
0.00010139699999999999
0.00010775700000000007
9.981800000000001e-05
9.894899999999996e-05
0.00011563800000000005
0.000115411
0.00011999199999999992
9.729100000000001e-05
0.00010585300000000006
0.00011165100000000005
0.005581569999999999
0.0059646599999999975
0.006194550000000002
0.0055636200000000035
0.005798370000000001
0.005510410000000002
0.005751729999999999
0.0057201499999999985
0.006079580000000002
0.00557002
0.005913199999999997
0.005741779999999998
0.005619809999999995
0.005517530000000001
0.005901590000000001
0.00590829
0.00569024
0.005982779999999996
0.005740590000000001
0.005864979999999999
0.057233128
0.047240573
0.057943038
0.037040586
0.02701659
0.046990156
0.057052877
0.077963073
0.088374532
0.0873658
0.098077129
0.127035696
0.107138973
0.116480417
0.087747712
0.067205014
0.066557199
0.067435031
0.067522034
0.068798722
0.058378002
0.068223754
0.067909339
0.053513583
0.069800711
0.058253613
0.049421364
0.061825086
0.049112766
0.0476774
0.068534497
0.054393137
0.048059528
0.068249493
0.067950673
0.062402314
0.049432448
0.048992865
0.047881126
0.048377916
0.024578144999999984
0.022733328999999993
0.021571755999999984
0.02191340899999998
0.02239834100000001
0.02475452699999998
0.021940326999999995
0.020229619000000016
0.022075712000000004
0.024839649000000008
0.021747613000000002
0.022263993999999995
0.023088880999999986
0.02021264700000001
0.020415516000000007
0.024256310999999993
0.02402897799999999
0.022199883999999993
0.021518429000000007
0.020300008999999997
0.2871425723999998
0.2560897547599998
0.2596309199800001
0.2763341078299999
0.2769236599899999
0.26264617344999996
0.2735657651899999
0.25639690210999994
0.2729410905899999
0.26348465179000014
0.26226891375
0.25225190239999995
0.26399708259
0.2640386372099999
0.25405566448000005
0.27459240130000007
0.25779476381
0.28408101763000004
0.26524988221
0.2591432038600002
