8.539999999999937e-05
8.539999999999937e-05
8.539999999999937e-05
8.539999999999937e-05
8.539999999999937e-05
8.539999999999937e-05
8.539999999999937e-05
8.539999999999937e-05
8.539999999999937e-05
8.539999999999937e-05
8.539999999999937e-05
8.539999999999937e-05
8.539999999999937e-05
8.539999999999937e-05
8.539999999999937e-05
8.539999999999937e-05
8.539999999999937e-05
8.539999999999937e-05
8.539999999999937e-05
8.539999999999937e-05
0.0033110000000000014
0.0033110000000000014
0.0033110000000000014
0.0033110000000000014
0.0033110000000000014
0.0033110000000000014
0.0033110000000000014
0.0033110000000000014
0.0033110000000000014
0.0033110000000000014
0.0033110000000000014
0.0033110000000000014
0.0033110000000000014
0.0033110000000000014
0.0033110000000000014
0.0033110000000000014
0.0033110000000000014
0.0033110000000000014
0.0033110000000000014
0.0033110000000000014
0.0006056499999999992
0.0006056499999999992
0.0006056499999999992
0.0006056499999999992
0.0006056499999999992
0.0006056499999999992
0.0006056499999999992
0.0006056499999999992
0.0006056499999999992
0.0006056499999999992
0.0006056499999999992
0.0006056499999999992
0.0006056499999999992
0.0006056499999999992
0.0006056499999999992
0.0006056499999999992
0.0006056499999999992
0.0006056499999999992
0.0006056499999999992
0.0006056499999999992
7.035000000000374e-05
7.035000000000374e-05
7.035000000000374e-05
7.035000000000374e-05
7.035000000000374e-05
7.035000000000374e-05
7.035000000000374e-05
7.035000000000374e-05
7.035000000000374e-05
7.035000000000374e-05
7.035000000000374e-05
7.035000000000374e-05
7.035000000000374e-05
7.035000000000374e-05
7.035000000000374e-05
7.035000000000374e-05
7.035000000000374e-05
7.035000000000374e-05
7.035000000000374e-05
7.035000000000374e-05
0.00020605000000000623
0.00020605000000000623
0.00020605000000000623
0.00020605000000000623
0.00020605000000000623
0.00020605000000000623
0.00020605000000000623
0.00020605000000000623
0.00020605000000000623
0.00020605000000000623
0.00020605000000000623
0.00020605000000000623
0.00020605000000000623
0.00020605000000000623
0.00020605000000000623
0.00020605000000000623
0.00020605000000000623
0.00020605000000000623
0.00020605000000000623
0.00020605000000000623
0.006022800000000002
0.006022800000000002
0.006022800000000002
0.006022800000000002
0.006022800000000002
0.006022800000000002
0.006022800000000002
0.006022800000000002
0.006022800000000002
0.006022800000000002
0.006022800000000002
0.006022800000000002
0.006022800000000002
0.006022800000000002
0.006022800000000002
0.006022800000000002
0.006022800000000002
0.006022800000000002
0.006022800000000002
0.006022800000000002
0.0091795
0.0091795
0.0091795
0.0091795
0.0091795
0.0091795
0.0091795
0.0091795
0.0091795
0.0091795
0.0091795
0.0091795
0.0091795
0.0091795
0.0091795
0.0091795
0.0091795
0.0091795
0.0091795
0.0091795
0.016211299999999998
0.016211299999999998
0.016211299999999998
0.016211299999999998
0.016211299999999998
0.016211299999999998
0.016211299999999998
0.016211299999999998
0.016211299999999998
0.016211299999999998
0.016211299999999998
0.016211299999999998
0.016211299999999998
0.016211299999999998
0.016211299999999998
0.016211299999999998
0.016211299999999998
0.016211299999999998
0.016211299999999998
0.016211299999999998
0.03683925
0.03683925
0.03683925
0.03683925
0.03683925
0.03683925
0.03683925
0.03683925
0.03683925
0.03683925
0.03683925
0.03683925
0.03683925
0.03683925
0.03683925
0.03683925
0.03683925
0.03683925
0.03683925
0.03683925
0.303544768
0.303544768
0.303544768
0.303544768
0.303544768
0.303544768
0.303544768
0.303544768
0.303544768
0.303544768
0.303544768
0.303544768
0.303544768
0.303544768
0.303544768
0.303544768
0.303544768
0.303544768
0.303544768
0.303544768
