1 -1
6 -1
7 -1
8 -1
9 -1
10 -1
11 -1
12 -1
13 -1
14 -1
15 -1
16 -1
17 -1
18 -1
19 -1
20 -1
21 -1
22 -1
23 -1
24 -1
25 -1
26 -1
27 -1
28 -1
29 -1
30 -1
31 -1
32 -1
33 -1
34 -1
35 0
36 0
37 3
38 3
39 3
40 3
41 3
42 3
43 3
44 3
45 3
46 3
47 3
48 3
49 3
50 3
51 3
52 3
53 3
54 3
55 3
56 3
57 15
58 15
59 15
60 15
61 15
62 15
63 15
64 15
65 15
66 15
67 15
68 15
69 15
70 15
71 15
72 15
73 15
74 15
75 15
76 15
77 27
78 27
79 27
80 27
81 27
82 27
83 27
84 27
85 27
86 27
87 27
88 27
89 27
90 27
91 27
92 27
93 27
94 27
95 27
96 27
97 40
98 40
99 40
100 40
101 40
102 40
103 40
104 40
105 40
106 40
107 40
108 40
109 40
110 40
111 40
112 40
113 40
114 40
115 40
116 40
117 52
118 52
119 52
120 52
121 52
122 52
123 52
124 52
125 52
126 52
127 52
128 52
129 52
130 52
131 52
132 52
133 52
134 52
135 52
136 64
137 64
138 64
139 64
140 64
141 64
142 64
143 64
144 64
145 64
146 64
147 64
148 64
149 64
150 64
151 64
152 64
153 64
154 64
155 64
156 77
157 77
158 77
159 77
160 77
161 77
162 77
163 77
164 77
165 77
166 77
167 77
168 77
169 77
170 77
171 77
172 77
173 77
174 77
175 77
176 89
177 89
178 89
179 89
180 89
181 89
182 89
183 89
184 89
185 89
186 89
187 89
188 89
189 89
190 89
191 89
192 89
193 89
194 89
195 89
196 102
197 102
198 102
199 102
200 102
201 102
202 102
203 102
204 102
205 102
206 102
207 102
208 102
209 102
210 102
211 102
212 102
213 102
214 102
215 102
216 115
217 115
218 115
219 115
220 115
221 115
222 115
223 115
224 115
225 115
226 115
227 115
228 115
229 115
230 115
231 115
232 115
233 115
234 115
235 115
236 127
237 127
238 127
239 127
240 127
241 127
242 127
243 127
244 127
245 127
247 127
248 127
249 127
250 127
251 127
252 127
253 127
254 127
255 127
256 127
257 139
258 139
259 139
260 139
261 139
262 139
263 139
264 139
265 139
266 139
267 139
268 139
269 139
270 139
271 139
272 139
273 139
274 139
275 139
276 139
277 152
278 152
279 152
280 152
281 152
282 152
283 152
284 152
285 152
286 152
287 152
288 152
289 152
290 152
291 152
292 152
293 152
294 152
295 152
296 152
297 164
298 164
299 164
300 164
301 164
302 164
303 164
304 164
305 164
306 164
307 164
308 164
309 164
310 164
311 164
312 164
313 164
314 164
315 164
316 164
317 176
318 176
319 176
320 176
321 176
322 176
323 176
324 176
325 176
326 176
327 176
328 176
329 176
330 176
331 176
332 176
333 176
334 176
335 176
336 176
337 189
338 189
339 189
340 189
341 189
342 189
343 189
344 189
345 189
346 189
347 189
348 189
349 189
350 189
351 189
352 189
353 189
354 189
355 189
356 189
357 202
358 202
359 202
360 202
361 202
362 202
363 202
364 202
365 202
366 202
367 202
368 202
369 202
370 202
371 202
372 202
373 202
374 202
375 202
376 202
377 215
378 215
379 215
380 215
381 215
382 215
383 215
384 215
385 215
386 215
387 215
388 215
389 215
390 215
391 215
392 215
393 215
394 215
395 215
396 215
397 228
398 228
399 228
400 228
401 228
402 228
403 228
404 228
405 228
406 228
407 228
408 228
409 228
410 228
411 228
412 228
413 228
414 228
415 228
416 228
417 240
418 240
419 240
420 240
421 240
422 240
423 240
424 240
425 240
426 240
427 240
428 240
429 240
430 240
431 240
432 240
433 240
434 240
435 240
436 240
437 253
438 253
439 253
440 253
441 253
442 253
443 253
444 253
445 253
446 253
447 253
448 253
449 253
450 253
451 253
452 253
453 253
454 253
455 253
456 253
457 266
458 266
459 266
460 266
461 266
462 266
463 266
464 266
465 266
466 266
467 266
468 266
469 266
470 266
471 266
472 266
473 266
474 266
475 266
476 266
477 279
478 279
479 279
480 279
481 279
482 279
483 279
484 279
485 279
486 279
487 279
488 279
489 279
490 279
491 279
492 279
493 279
494 279
495 279
496 279
497 292
498 292
499 292
500 292
501 292
502 292
503 292
504 292
505 292
506 292
507 292
508 292
509 292
510 292
511 292
512 292
513 292
514 292
515 292
516 292
517 304
518 304
519 304
520 304
521 304
522 304
523 304
524 304
525 304
526 304
527 304
528 304
529 304
530 304
531 304
532 304
533 304
534 304
535 304
536 317
537 317
538 317
539 317
540 317
541 317
542 317
543 317
544 317
545 317
546 317
547 317
548 317
549 317
550 317
551 317
552 317
553 317
554 317
555 317
556 317
557 330
558 330
559 330
560 330
561 330
562 330
563 330
564 330
565 330
566 330
567 330
568 330
569 330
570 330
571 330
572 330
573 330
574 330
575 330
576 342
577 342
578 342
579 342
580 342
581 342
582 342
583 342
584 342
585 342
586 342
587 342
588 342
589 342
590 342
591 342
592 342
593 342
594 342
595 342
596 355
597 355
598 355
599 355
600 355
601 355
602 355
603 355
604 355
605 355
606 355
607 355
608 355
609 355
610 355
612 355
613 355
614 355
615 355
616 355
617 368
618 368
619 368
620 368
621 368
622 368
623 368
624 368
625 368
626 368
627 368
628 368
629 368
630 368
631 368
632 368
633 368
634 368
635 368
636 368
637 381
638 381
639 381
640 381
641 381
642 381
643 381
644 381
645 381
646 381
647 381
648 381
649 381
650 381
651 381
652 381
653 381
654 381
655 381
656 381
657 393
658 393
659 393
660 393
661 393
662 393
663 393
664 393
665 393
666 393
667 393
668 393
669 393
670 393
671 393
672 393
673 393
674 393
675 393
676 393