1 -1
6 -1
7 -1
8 -1
9 -1
10 -1
11 -1
12 -1
13 -1
14 -1
15 -1
16 -1
17 -1
18 -1
19 -1
20 -1
21 -1
22 -1
23 -1
24 -1
25 -1
26 -1
27 -1
28 -1
29 -1
30 -1
31 -1
32 -1
33 -1
34 -1
35 0
36 0
37 3
38 3
39 3
40 3
41 3
42 3
43 3
44 3
45 3
46 3
47 3
48 3
49 3
50 3
51 3
52 3
53 3
54 3
55 3
56 3
57 15
58 15
59 15
60 15
61 15
62 15
63 15
64 15
65 15
66 15
67 15
68 15
69 15
70 15
71 15
72 15
73 15
74 15
75 15
76 15
77 26
78 26
79 26
80 26
81 26
82 26
83 26
84 26
85 26
86 26
87 26
88 26
89 26
90 26
91 26
92 26
93 26
94 26
95 26
96 26
97 38
98 38
99 38
100 38
101 38
102 38
103 38
104 38
105 38
106 38
107 38
108 38
109 38
110 38
111 38
112 38
113 38
114 38
115 38
116 38
117 50
118 50
119 50
120 50
121 50
122 50
123 50
124 50
125 50
126 50
127 50
128 50
129 50
130 50
131 50
132 50
133 50
134 50
135 50
136 50
137 62
138 62
139 62
140 62
141 62
142 62
143 62
144 62
145 62
146 62
147 62
148 62
149 62
150 62
151 62
152 62
153 62
154 62
155 62
156 62
157 75
158 75
159 75
160 75
161 75
162 75
163 75
164 75
165 75
166 75
167 75
168 75
169 75
170 75
171 75
172 75
173 75
174 75
175 75
176 75
177 88
178 88
179 88
180 88
181 88
182 88
183 88
184 88
185 88
186 88
187 88
188 88
189 88
190 88
191 88
192 88
193 88
194 88
195 88
196 88
197 101
198 101
199 101
200 101
201 101
202 101
203 101
204 101
206 101
207 101
208 101
209 101
210 101
211 101
212 101
213 101
214 101
215 101
216 101
217 113
218 113
219 113
220 113
221 113
222 113
223 113
224 113
225 113
226 113
227 113
228 113
229 113
230 113
231 113
232 113
233 113
234 113
235 113
236 113
237 127
238 127
239 127
240 127
241 127
242 127
243 127
244 127
245 127
246 127
247 127
248 127
249 127
250 127
251 127
252 127
253 127
254 127
255 127
256 127
257 127
258 140
259 140
260 140
261 140
262 140
263 140
264 140
265 140
266 140
267 140
268 140
269 140
270 140
271 140
272 140
273 140
274 140
275 140
276 140
277 153
278 153
279 153
280 153
281 153
282 153
283 153
284 153
285 153
286 153
287 153
288 153
289 153
290 153
291 153
292 153
293 153
294 153
295 153
296 153
297 165
298 165
299 165
300 165
301 165
302 165
303 165
304 165
305 165
306 165
307 165
308 165
309 165
310 165
311 165
312 165
313 165
314 165
315 165
316 165
317 178
318 178
319 178
320 178
321 178
322 178
323 178
324 178
325 178
326 178
327 178
328 178
329 178
330 178
331 178
332 178
333 178
334 178
335 178
336 178
337 192
338 192
339 192
340 192
341 192
342 192
343 192
344 192
345 192
346 192
347 192
348 192
349 192
350 192
351 192
352 192
353 192
354 192
355 192
356 192
357 205
358 205
359 205
360 205
361 205
362 205
363 205
364 205
365 205
366 205
367 205
368 205
369 205
370 205
371 205
372 205
373 205
374 205
375 205
376 205
377 218
378 218
379 218
380 218
381 218
382 218
383 218
384 218
385 218
386 218
387 218
388 218
389 218
390 218
391 218
392 218
393 218
394 218
395 218
396 218
397 231
398 231
399 231
400 231
401 231
402 231
403 231
404 231
405 231
406 231
407 231
408 231
409 231
410 231
411 231
412 231
413 231
414 231
415 231
416 231
417 244
418 244
419 244
420 244
421 244
422 244
423 244
424 244
425 244
426 244
427 244
428 244
429 244
430 244
431 244
432 244
433 244
434 244
435 244
436 244
437 257
438 257
439 257
440 257
441 257
442 257
443 257
444 257
445 257
446 257
447 257
448 257
449 257
450 257
451 257
452 257
453 257
454 257
455 257
456 257
457 271
458 271
459 271
460 271
461 271
462 271
463 271
464 271
465 271
466 271
467 271
468 271
469 271
470 271
471 271
472 271
473 271
474 271
475 271
476 271
477 284
478 284
479 284
480 284
481 284
482 284
483 284
484 284
485 284
486 284
487 284
488 284
489 284
490 284
491 284
492 284
493 284
494 284
495 284
496 284
497 297
498 297
499 297
500 297
501 297
502 297
503 297
504 297
505 297
506 297
507 297
508 297
509 297
510 297
511 297
512 297
513 297
514 297
515 297
516 311
517 311
518 311
519 311
520 311
521 311
522 311
523 311
524 311
525 311
526 311
527 311
528 311
529 311
530 311
531 311
532 311
533 311
534 311
535 311
536 325
537 325
538 325
539 325
540 325
541 325
542 325
543 325
544 325
545 325
546 325
547 325
548 325
549 325
550 325
551 325
552 325
553 325
554 325
555 325
556 325
557 338
558 338
559 338
560 338
561 338
562 338
563 338
565 338
566 338
567 338
568 338
569 338
570 338
571 338
572 338
573 338
574 338
575 338
576 338
577 351
578 351
579 351
580 351
581 351
582 351
583 351
584 351
585 351
586 351
587 351
588 351
589 351
590 351
591 351
592 351
593 351
594 351
595 351
596 351
597 365
598 365
599 365
600 365
601 365
602 365
603 365
604 365
605 365
606 365
607 365
608 365
609 365
610 365
611 365
612 365
613 365
614 365
615 365
616 365
617 365
618 379
619 379
620 379
621 379
622 379
623 379
624 379
625 379
626 379
627 379
628 379
629 379
630 379
631 379
632 379
633 379
634 379
635 379
636 379
637 393
638 393
639 393
640 393
641 393
642 393
643 393
644 393
645 393
646 393
647 393
648 393
649 393
650 393
651 393
652 393
653 393
654 393
655 393
656 393