1 -1
6 -1
7 -1
8 -1
9 -1
10 -1
11 -1
12 -1
13 -1
14 -1
15 -1
16 -1
17 -1
18 -1
19 -1
20 -1
21 -1
22 -1
23 -1
24 -1
25 -1
26 -1
27 -1
28 -1
29 -1
30 -1
31 -1
32 -1
33 -1
34 -1
35 0
36 0
37 3
38 3
39 3
40 3
41 3
42 3
43 3
44 3
45 3
46 3
47 3
48 3
49 3
50 3
51 3
52 3
53 3
54 3
55 3
56 3
57 15
58 15
59 15
60 15
61 15
62 15
63 15
64 15
65 15
66 15
67 15
68 15
69 15
70 15
71 15
72 15
73 15
74 15
75 15
76 15
77 27
78 27
79 27
80 27
81 27
82 27
83 27
84 27
85 27
86 27
87 27
88 27
89 27
90 27
91 27
92 27
93 27
94 27
95 27
96 27
97 39
98 39
99 39
100 39
101 39
102 39
103 39
104 39
105 39
106 39
107 39
108 39
109 39
110 39
111 39
112 39
113 39
114 39
115 39
116 39
117 39
118 52
119 52
120 52
121 52
122 52
123 52
124 52
125 52
126 52
127 52
128 52
129 52
130 52
131 52
132 52
133 52
134 52
135 52
136 52
137 65
138 65
139 65
140 65
141 65
142 65
143 65
144 65
145 65
146 65
147 65
148 65
149 65
150 65
151 65
152 65
153 65
154 65
155 65
156 65
157 78
158 78
159 78
160 78
161 78
162 78
163 78
164 78
165 78
166 78
167 78
168 78
169 78
170 78
171 78
172 78
173 78
174 78
175 78
176 78
177 90
178 90
179 90
180 90
181 90
182 90
183 90
184 90
185 90
186 90
187 90
188 90
189 90
190 90
191 90
192 90
193 90
194 90
195 90
196 90
197 103
198 103
199 103
200 103
201 103
202 103
203 103
204 103
205 103
206 103
207 103
208 103
209 103
210 103
212 103
213 103
214 103
215 103
216 103
217 103
218 116
219 116
220 116
221 116
222 116
223 116
224 116
225 116
226 116
227 116
228 116
229 116
230 116
231 116
232 116
233 116
234 116
235 116
236 116
237 116
238 129
239 129
240 129
241 129
242 129
243 129
244 129
245 129
246 129
247 129
248 129
249 129
250 129
251 129
252 129
253 129
254 129
255 129
256 129
257 129
258 142
259 142
260 142
261 142
262 142
263 142
264 142
265 142
266 142
267 142
268 142
269 142
270 142
271 142
272 142
273 142
274 142
275 142
276 142
277 142
278 155
279 155
280 155
281 155
282 155
283 155
284 155
285 155
286 155
287 155
288 155
289 155
290 155
291 155
292 155
293 155
294 155
295 155
296 155
297 155
298 169
299 169
300 169
301 169
302 169
303 169
304 169
305 169
306 169
307 169
308 169
309 169
310 169
311 169
312 169
313 169
314 169
315 169
316 169
317 169
318 182
319 182
320 182
321 182
322 182
323 182
324 182
325 182
326 182
327 182
328 182
329 182
330 182
331 182
332 182
333 182
334 182
335 182
336 182
337 196
338 196
339 196
340 196
341 196
342 196
343 196
344 196
345 196
346 196
347 196
348 196
349 196
350 196
351 196
352 196
353 196
354 196
355 196
356 196
357 196
358 210
359 210
360 210
361 210
362 210
363 210
364 210
365 210
366 210
367 210
368 210
369 210
370 210
371 210
372 210
373 210
374 210
375 210
376 210
377 223
378 223
379 223
380 223
381 223
382 223
383 223
384 223
385 223
386 223
387 223
388 223
389 223
390 223
391 223
392 223
393 223
394 223
395 223
396 223
397 237
398 237
399 237
400 237
401 237
402 237
403 237
404 237
405 237
406 237
407 237
408 237
409 237
410 237
411 237
412 237
413 237
414 237
415 237
416 237
417 250
418 250
419 250
420 250
421 250
422 250
423 250
424 250
425 250
426 250
427 250
428 250
429 250
430 250
431 250
432 250
433 250
434 250
435 250
436 250
437 263
438 263
439 263
440 263
441 263
442 263
443 263
444 263
445 263
446 263
447 263
448 263
449 263
450 263
451 263
452 263
453 263
454 263
455 263
456 263
457 276
458 276
459 276
460 276
461 276
462 276
463 276
464 276
465 276
466 276
467 276
468 276
469 276
470 276
471 276
472 276
473 276
474 276
475 276
476 276
477 290
478 290
479 290
480 290
481 290
482 290
483 290
484 290
485 290
486 290
487 290
488 290
489 290
490 290
491 290
492 290
493 290
494 290
495 290
496 290
497 304
498 304
499 304
500 304
501 304
502 304
503 304
504 304
505 304
506 304
507 304
508 304
509 304
510 304
511 304
512 304
513 304
514 304
515 304
516 304
517 318
518 318
519 318
520 318
521 318
522 318
523 318
524 318
525 318
526 318
527 318
528 318
529 318
530 318
531 318
532 318
533 318
534 318
535 318
536 318
537 332
538 332
539 332
540 332
541 332
542 332
543 332
544 332
545 332
546 332
547 332
548 332
549 332
550 332
551 332
552 332
553 332
554 332
555 332
556 332
557 346
558 346
559 346
560 346
561 346
562 346
563 346
564 346
565 346
566 346
567 346
568 346
569 346
570 346
571 346
572 346
573 346
575 346
576 346
577 346
578 360
579 360
580 360
581 360
582 360
583 360
584 360
585 360
586 360
587 360
588 360
589 360
590 360
591 360
592 360
593 360
594 360
595 360
596 360
597 360
598 373
599 373
600 373
601 373
602 373
603 373
604 373
605 373
606 373
607 373
608 373
609 373
610 373
611 373
612 373
613 373
614 373
615 373
616 373
617 373
618 387
619 387
620 387
621 387
622 387
623 387
624 387
625 387
626 387
627 387
628 387
629 387
630 387
631 387
632 387
633 387
634 387
635 387
636 387
637 387