1 -1
6 -1
7 -1
8 -1
9 -1
10 -1
11 -1
12 -1
13 -1
14 -1
15 -1
16 -1
17 -1
18 -1
19 -1
20 -1
21 -1
22 -1
23 -1
24 -1
25 -1
26 -1
27 -1
28 -1
29 -1
30 -1
31 -1
32 -1
33 -1
34 -1
35 0
36 0
37 0
38 0
39 0
40 0
41 0
42 0
43 0
44 0
45 0
46 0
47 0
48 0
49 0
50 0
51 0
52 0
53 0
54 0
55 0
56 0
57 5
58 5
59 5
60 5
61 5
62 5
63 5
64 5
65 5
66 5
67 5
68 5
69 5
70 5
71 5
72 5
73 5
74 5
75 5
76 5
77 13
78 13
79 13
80 13
81 13
82 13
83 13
84 13
85 13
86 13
87 13
88 13
89 13
90 13
91 13
92 13
93 13
94 13
95 13
96 13
97 19
98 19
99 19
100 19
101 19
102 19
103 19
104 19
105 19
106 19
107 19
108 19
109 19
110 19
111 19
112 19
113 19
114 19
115 19
116 19
117 25
118 25
119 25
120 25
121 25
122 25
123 25
124 25
125 25
126 25
127 25
128 25
129 25
130 25
131 25
132 25
133 25
134 25
135 25
136 25
137 32
138 32
139 32
140 32
141 32
142 32
143 32
144 32
145 32
146 32
147 32
148 32
149 32
150 32
151 32
152 32
153 32
154 32
155 32
156 32
157 40
158 40
159 40
160 40
161 40
162 40
163 40
164 40
165 40
166 40
167 40
168 40
169 40
170 40
171 40
172 40
173 40
174 40
175 40
176 40
177 48
178 48
179 48
180 48
181 48
182 48
183 48
184 48
185 48
186 48
187 48
188 48
189 48
190 48
191 48
192 48
193 48
194 48
195 48
196 48
197 56
198 56
199 56
200 56
201 56
202 56
203 56
204 56
205 56
206 56
207 56
208 56
209 56
210 56
211 56
212 56
213 56
214 56
215 56
216 56
217 64
218 64
219 64
220 64
221 64
222 64
223 64
224 64
225 64
226 64
227 64
228 64
229 64
230 64
231 64
232 64
233 64
234 64
235 64
236 71
237 71
238 71
239 71
240 71
241 71
242 71
243 71
244 71
245 71
246 71
247 71
248 71
249 71
250 71
251 71
252 71
254 71
255 71
256 71
257 78
258 78
259 78
260 78
261 78
262 78
263 78
264 78
265 78
266 78
267 78
268 78
269 78
270 78
271 78
272 78
273 78
274 78
275 78
276 78
277 78
278 85
279 85
280 85
281 85
282 85
283 85
284 85
285 85
286 85
287 85
288 85
289 85
290 85
291 85
292 85
293 85
294 85
295 85
296 85
297 92
298 92
299 92
300 92
301 92
302 92
303 92
304 92
305 92
306 92
307 92
308 92
309 92
310 92
311 92
312 92
313 92
314 92
315 92
316 92
317 92
318 100
319 100
320 100
321 100
322 100
323 100
324 100
325 100
326 100
327 100
328 100
329 100
330 100
331 100
332 100
333 100
334 100
335 100
336 100
337 107
338 107
339 107
340 107
341 107
342 107
343 107
344 107
345 107
346 107
347 107
348 107
349 107
350 107
351 107
352 107
353 107
354 107
355 107
356 107
357 114
358 114
359 114
360 114
361 114
362 114
363 114
364 114
365 114
366 114
367 114
368 114
369 114
370 114
371 114
372 114
373 114
374 114
375 114
376 114
377 121
378 121
379 121
380 121
381 121
382 121
383 121
384 121
385 121
386 121
387 121
388 121
389 121
390 121
391 121
392 121
393 121
394 121
395 121
396 121
397 129
398 129
399 129
400 129
401 129
402 129
403 129
404 129
405 129
406 129
407 129
408 129
409 129
410 129
411 129
412 129
413 129
414 129
415 129
416 129
417 136
418 136
419 136
420 136
421 136
422 136
423 136
424 136
425 136
426 136
427 136
428 136
429 136
430 136
431 136
432 136
433 136
434 136
435 136
436 136
437 144
438 144
439 144
440 144
441 144
442 144
443 144
444 144
445 144
446 144
447 144
448 144
449 144
450 144
451 144
452 144
453 144
454 144
455 144
456 144
457 152
458 152
459 152
460 152
461 152
462 152
463 152
464 152
465 152
466 152
467 152
468 152
469 152
470 152
471 152
472 152
473 152
474 152
475 152
476 152
477 159
478 159
479 159
480 159
481 159
482 159
483 159
484 159
485 159
486 159
487 159
488 159
489 159
490 159
491 159
492 159
493 159
494 159
495 159
496 159
497 166
498 166
499 166
500 166
501 166
502 166
503 166
504 166
505 166
506 166
507 166
508 166
509 166
510 166
511 166
512 166
513 166
514 166
515 166
516 166
517 173
518 173
519 173
520 173
521 173
522 173
523 173
524 173
525 173
526 173
527 173
528 173
529 173
530 173
531 173
532 173
533 173
534 173
535 173
536 173
537 181
538 181
539 181
540 181
541 181
542 181
543 181
544 181
545 181
546 181
547 181
548 181
549 181
550 181
551 181
552 181
553 181
554 181
555 181
556 181
557 188
558 188
559 188
560 188
561 188
562 188
563 188
564 188
565 188
566 188
567 188
568 188
569 188
570 188
571 188
572 188
573 188
574 188
575 188
576 188
577 196
578 196
579 196
580 196
581 196
582 196
583 196
584 196
585 196
586 196
587 196
588 196
589 196
590 196
591 196
592 196
593 196
594 196
595 196
596 203
597 203
598 203
599 203
600 203
601 203
602 203
603 203
604 203
605 203
606 203
607 203
608 203
609 203
610 203
611 203
612 203
613 203
614 203
615 203
616 210
617 210
618 210
619 210
620 210
622 210
623 210
624 210
625 210
626 210
627 210
628 210
629 210
630 210
631 210
632 210
633 210
634 210
635 210
636 210
637 217
638 217
639 217
640 217
641 217
642 217
643 217
644 217
645 217
646 217
647 217
648 217
649 217
650 217
651 217
652 217
653 217
654 217
655 217
656 217
657 224
658 224
659 224
660 224
661 224
662 224
663 224
664 224
665 224
666 224
667 224
668 224
669 224
670 224
671 224
672 224
673 224
674 224
675 224
676 224
677 232
678 232
679 232
680 232
681 232
682 232
683 232
684 232
685 232
686 232
687 232
688 232
689 232
690 232
691 232
692 232
693 232
694 232
695 232
696 232
697 239
698 239
699 239
700 239
701 239
702 239
703 239
704 239
705 239
706 239
707 239
708 239
709 239
710 239
711 239
712 239
713 239
714 239
715 239
716 239
717 247
718 247
719 247
720 247
721 247
722 247
723 247
724 247
725 247
726 247
727 247
728 247
729 247
730 247
731 247
732 247
733 247
734 247
735 247
736 247
737 254
738 254
739 254
740 254
741 254
742 254
743 254
744 254
745 254
746 254
747 254
748 254
749 254
750 254
751 254
752 254
753 254
754 254
755 254
756 254
757 254
758 262
759 262
760 262
761 262
762 262
763 262
764 262
765 262
766 262
767 262
768 262
769 262
770 262
771 262
772 262
773 262
774 262
775 262
776 262
777 269
778 269
779 269
780 269
781 269
782 269
783 269
784 269
785 269
786 269
787 269
788 269
789 269
790 269
791 269
792 269
793 269
794 269
795 269
796 269
797 275
798 275
799 275
800 275
801 275
802 275
803 275
804 275
805 275
806 275
807 275
808 275
809 275
810 275
811 275
812 275
813 275
814 275
815 275
816 275
817 283
818 283
819 283
820 283
821 283
822 283
823 283
824 283
825 283
826 283
827 283
828 283
829 283
830 283
831 283
832 283
833 283
834 283
835 283
836 283
837 291
838 291
839 291
840 291
841 291
842 291
843 291
844 291
845 291
846 291
847 291
848 291
849 291
850 291
851 291
852 291
853 291
854 291
855 291
856 291
857 298
858 298
859 298
860 298
861 298
862 298
863 298
864 298
865 298
866 298
867 298
868 298
869 298
870 298
871 298
872 298
873 298
874 298
875 298
876 298
877 305
878 305
879 305
880 305
881 305
882 305
883 305
884 305
885 305
886 305
887 305
888 305
889 305
890 305
891 305
892 305
893 305
894 305
895 305
896 305
897 312
898 312
899 312
900 312
901 312
902 312
903 312
904 312
905 312
906 312
907 312
908 312
909 312
910 312
911 312
912 312
913 312
914 312
915 312
916 312
917 321
918 321
919 321
920 321
921 321
922 321
923 321
924 321
925 321
926 321
927 321
928 321
929 321
930 321
931 321
932 321
933 321
934 321
935 321
936 321
937 328
938 328
939 328
940 328
941 328
942 328
943 328
944 328
945 328
946 328
947 328
948 328
949 328
950 328
951 328
952 328
953 328
954 328
955 328
956 328
957 334
958 334
959 334
960 334
961 334
962 334
963 334
964 334
965 334
966 334
967 334
968 334
969 334
970 334
971 334
972 334
973 334
974 334
975 334
976 341
977 341
978 341
979 341
980 341
981 341
982 341
983 341
984 341
985 341
986 341
987 341
989 341
990 341
991 341
992 341
993 341
994 341
995 341
996 341
997 349
998 349
999 349
1000 349
1001 349
1002 349
1003 349
1004 349
1005 349
1006 349
1007 349
1008 349
1009 349
1010 349
1011 349
1012 349
1013 349
1014 349
1015 349
1016 349
1017 349
1018 357
1019 357
1020 357
1021 357
1022 357
1023 357
1024 357
1025 357
1026 357
1027 357
1028 357
1029 357
1030 357
1031 357
1032 357
1033 357
1034 357
1035 357
1036 357
1037 364
1038 364
1039 364
1040 364
1041 364
1042 364
1043 364
1044 364
1045 364
1046 364
1047 364
1048 364
1049 364
1050 364
1051 364
1052 364
1053 364
1054 364
1055 364
1056 364
1057 371
1058 371
1059 371
1060 371
1061 371
1062 371
1063 371
1064 371
1065 371
1066 371
1067 371
1068 371
1069 371
1070 371
1071 371
1072 371
1073 371
1074 371
1075 371
1076 371
1077 378
1078 378
1079 378
1080 378
1081 378
1082 378
1083 378
1084 378
1085 378
1086 378
1087 378
1088 378
1089 378
1090 378
1091 378
1092 378
1093 378
1094 378
1095 378
1096 378
1097 385
1098 385
1099 385
1100 385
1101 385
1102 385
1103 385
1104 385
1105 385
1106 385
1107 385
1108 385
1109 385
1110 385
1111 385
1112 385
1113 385
1114 385
1115 385
1116 385
1117 392
1118 392
1119 392
1120 392
1121 392
1122 392
1123 392
1124 392
1125 392
1126 392
1127 392
1128 392
1129 392
1130 392
1131 392
1132 392
1133 392
1134 392
1135 392
1136 392
1137 399
1138 399
1139 399
1140 399
1141 399
1142 399
1143 399
1144 399
1145 399
1146 399
1147 399
1148 399
1149 399
1150 399
1151 399
1152 399
1153 399
1154 399
1155 399
1156 399