1 -1
6 -1
7 -1
8 -1
9 -1
10 -1
11 -1
12 -1
13 -1
14 -1
15 -1
16 -1
17 -1
18 -1
19 -1
20 -1
21 -1
22 -1
23 -1
24 -1
25 -1
26 -1
27 -1
28 -1
29 -1
30 -1
31 -1
32 -1
33 -1
34 -1
35 0
36 0
37 3
38 3
39 3
40 3
41 3
42 3
43 3
44 3
45 3
46 3
47 3
48 3
49 3
50 3
51 3
52 3
53 3
54 3
55 3
56 3
57 14
58 14
59 14
60 14
61 14
62 14
63 14
64 14
65 14
66 14
67 14
68 14
69 14
70 14
71 14
72 14
73 14
74 14
75 14
76 14
77 26
78 26
79 26
80 26
81 26
82 26
83 26
84 26
85 26
86 26
87 26
88 26
89 26
90 26
91 26
92 26
93 26
94 26
95 26
96 26
97 39
98 39
99 39
100 39
101 39
102 39
103 39
104 39
105 39
106 39
107 39
108 39
109 39
110 39
111 39
112 39
113 39
114 39
115 39
116 39
117 52
118 52
119 52
120 52
121 52
122 52
123 52
124 52
125 52
126 52
127 52
128 52
129 52
130 52
131 52
132 52
133 52
134 52
135 52
136 52
137 65
138 65
139 65
140 65
141 65
142 65
143 65
144 65
145 65
146 65
147 65
148 65
149 65
150 65
151 65
152 65
153 65
154 65
155 65
156 65
157 78
158 78
159 78
160 78
161 78
162 78
163 78
164 78
165 78
166 78
167 78
168 78
169 78
170 78
171 78
172 78
173 78
174 78
175 78
176 78
177 90
178 90
179 90
180 90
181 90
182 90
183 90
184 90
185 90
186 90
187 90
188 90
189 90
190 90
191 90
192 90
193 90
194 90
195 90
196 90
197 103
198 103
199 103
200 103
201 103
202 103
203 103
204 103
205 103
206 103
207 103
209 103
210 103
211 103
212 103
213 103
214 103
215 103
216 103
217 103
218 116
219 116
220 116
221 116
222 116
223 116
224 116
225 116
226 116
227 116
228 116
229 116
230 116
231 116
232 116
233 116
234 116
235 116
236 116
237 116
238 128
239 128
240 128
241 128
242 128
243 128
244 128
245 128
246 128
247 128
248 128
249 128
250 128
251 128
252 128
253 128
254 128
255 128
256 128
257 141
258 141
259 141
260 141
261 141
262 141
263 141
264 141
265 141
266 141
267 141
268 141
269 141
270 141
271 141
272 141
273 141
274 141
275 141
276 141
277 153
278 153
279 153
280 153
281 153
282 153
283 153
284 153
285 153
286 153
287 153
288 153
289 153
290 153
291 153
292 153
293 153
294 153
295 153
296 153
297 153
298 166
299 166
300 166
301 166
302 166
303 166
304 166
305 166
306 166
307 166
308 166
309 166
310 166
311 166
312 166
313 166
314 166
315 166
316 166
317 179
318 179
319 179
320 179
321 179
322 179
323 179
324 179
325 179
326 179
327 179
328 179
329 179
330 179
331 179
332 179
333 179
334 179
335 179
336 179
337 193
338 193
339 193
340 193
341 193
342 193
343 193
344 193
345 193
346 193
347 193
348 193
349 193
350 193
351 193
352 193
353 193
354 193
355 193
356 193
357 205
358 205
359 205
360 205
361 205
362 205
363 205
364 205
365 205
366 205
367 205
368 205
369 205
370 205
371 205
372 205
373 205
374 205
375 205
376 205
377 219
378 219
379 219
380 219
381 219
382 219
383 219
384 219
385 219
386 219
387 219
388 219
389 219
390 219
391 219
392 219
393 219
394 219
395 219
396 219
397 232
398 232
399 232
400 232
401 232
402 232
403 232
404 232
405 232
406 232
407 232
408 232
409 232
410 232
411 232
412 232
413 232
414 232
415 232
416 232
417 245
418 245
419 245
420 245
421 245
422 245
423 245
424 245
425 245
426 245
427 245
428 245
429 245
430 245
431 245
432 245
433 245
434 245
435 245
436 245
437 258
438 258
439 258
440 258
441 258
442 258
443 258
444 258
445 258
446 258
447 258
448 258
449 258
450 258
451 258
452 258
453 258
454 258
455 258
456 258
457 271
458 271
459 271
460 271
461 271
462 271
463 271
464 271
465 271
466 271
467 271
468 271
469 271
470 271
471 271
472 271
473 271
474 271
475 271
476 271
477 284
478 284
479 284
480 284
481 284
482 284
483 284
484 284
485 284
486 284
487 284
488 284
489 284
490 284
491 284
492 284
493 284
494 284
495 284
496 284
497 297
498 297
499 297
500 297
501 297
502 297
503 297
504 297
505 297
506 297
507 297
508 297
509 297
510 297
511 297
512 297
513 297
514 297
515 297
516 297
517 310
518 310
519 310
520 310
521 310
522 310
523 310
524 310
525 310
526 310
527 310
528 310
529 310
530 310
531 310
532 310
533 310
534 310
535 310
536 310
537 323
538 323
539 323
540 323
541 323
542 323
543 323
544 323
545 323
546 323
547 323
548 323
549 323
550 323
551 323
552 323
553 323
554 323
555 323
556 336
557 336
558 336
559 336
560 336
561 336
562 336
563 336
564 336
565 336
566 336
567 336
568 336
569 336
570 336
571 336
572 336
573 336
574 336
576 336
577 350
578 350
579 350
580 350
581 350
582 350
583 350
584 350
585 350
586 350
587 350
588 350
589 350
590 350
591 350
592 350
593 350
594 350
595 350
596 350
597 350
598 363
599 363
600 363
601 363
602 363
603 363
604 363
605 363
606 363
607 363
608 363
609 363
610 363
611 363
612 363
613 363
614 363
615 363
616 363
617 363
618 376
619 376
620 376
621 376
622 376
623 376
624 376
625 376
626 376
627 376
628 376
629 376
630 376
631 376
632 376
633 376
634 376
635 376
636 376
637 389
638 389
639 389
640 389
641 389
642 389
643 389
644 389
645 389
646 389
647 389
648 389
649 389
650 389
651 389
652 389
653 389
654 389
655 389
656 389