1 -1
6 -1
7 -1
8 -1
9 -1
10 -1
11 -1
12 -1
13 -1
14 -1
15 -1
16 -1
17 -1
18 -1
19 -1
20 -1
21 -1
22 -1
23 -1
24 -1
25 -1
26 -1
27 -1
28 -1
29 -1
30 -1
31 -1
32 -1
33 -1
34 -1
35 0
36 0
37 0
38 0
39 0
40 0
41 0
42 0
43 0
44 0
45 0
46 0
47 0
48 0
49 0
50 0
51 0
52 0
53 0
54 0
55 0
56 0
57 11
58 11
59 11
60 11
61 11
62 11
63 11
64 11
65 11
66 11
67 11
68 11
69 11
70 11
71 11
72 11
73 11
74 11
75 11
76 22
77 22
78 22
79 22
80 22
81 22
82 22
83 22
84 22
85 22
86 22
87 22
88 22
89 22
90 22
91 22
92 22
93 22
94 22
95 22
96 22
97 34
98 34
99 34
100 34
101 34
102 34
103 34
104 34
105 34
106 34
107 34
108 34
109 34
110 34
111 34
112 34
113 34
114 34
115 34
116 34
117 47
118 47
119 47
120 47
121 47
122 47
123 47
124 47
125 47
126 47
127 47
128 47
129 47
130 47
131 47
132 47
133 47
134 47
135 47
136 59
137 59
138 59
139 59
140 59
141 59
142 59
143 59
144 59
145 59
146 59
147 59
148 59
149 59
150 59
151 59
152 59
153 59
154 59
155 59
156 59
157 71
158 71
159 71
160 71
161 71
162 71
163 71
164 71
165 71
166 71
167 71
168 71
169 71
170 71
171 71
172 71
173 71
174 71
175 71
176 71
177 83
178 83
179 83
180 83
181 83
182 83
183 83
184 83
185 83
186 83
187 83
188 83
189 83
190 83
191 83
192 83
193 83
194 83
195 83
196 94
197 94
198 94
199 94
200 94
201 94
202 94
203 94
204 94
205 94
206 94
207 94
208 94
209 94
210 94
211 94
212 94
213 94
214 94
216 94
217 107
218 107
219 107
220 107
221 107
222 107
223 107
224 107
225 107
226 107
227 107
228 107
229 107
230 107
231 107
232 107
233 107
234 107
235 107
236 107
237 118
238 118
239 118
240 118
241 118
242 118
243 118
244 118
245 118
246 118
247 118
248 118
249 118
250 118
251 118
252 118
253 118
254 118
255 118
256 118
257 131
258 131
259 131
260 131
261 131
262 131
263 131
264 131
265 131
266 131
267 131
268 131
269 131
270 131
271 131
272 131
273 131
274 131
275 131
276 131
277 143
278 143
279 143
280 143
281 143
282 143
283 143
284 143
285 143
286 143
287 143
288 143
289 143
290 143
291 143
292 143
293 143
294 143
295 143
296 143
297 153
298 153
299 153
300 153
301 153
302 153
303 153
304 153
305 153
306 153
307 153
308 153
309 153
310 153
311 153
312 153
313 153
314 153
315 153
316 153
317 165
318 165
319 165
320 165
321 165
322 165
323 165
324 165
325 165
326 165
327 165
328 165
329 165
330 165
331 165
332 165
333 165
334 165
335 165
336 165
337 177
338 177
339 177
340 177
341 177
342 177
343 177
344 177
345 177
346 177
347 177
348 177
349 177
350 177
351 177
352 177
353 177
354 177
355 177
356 177
357 190
358 190
359 190
360 190
361 190
362 190
363 190
364 190
365 190
366 190
367 190
368 190
369 190
370 190
371 190
372 190
373 190
374 190
375 190
376 190
377 202
378 202
379 202
380 202
381 202
382 202
383 202
384 202
385 202
386 202
387 202
388 202
389 202
390 202
391 202
392 202
393 202
394 202
395 202
396 202
397 214
398 214
399 214
400 214
401 214
402 214
403 214
404 214
405 214
406 214
407 214
408 214
409 214
410 214
411 214
412 214
413 214
414 214
415 214
416 214
417 225
418 225
419 225
420 225
421 225
422 225
423 225
424 225
425 225
426 225
427 225
428 225
429 225
430 225
431 225
432 225
433 225
434 225
435 225
436 225
437 237
438 237
439 237
440 237
441 237
442 237
443 237
444 237
445 237
446 237
447 237
448 237
449 237
450 237
451 237
452 237
453 237
454 237
455 237
456 237
457 249
458 249
459 249
460 249
461 249
462 249
463 249
464 249
465 249
466 249
467 249
468 249
469 249
470 249
471 249
472 249
473 249
474 249
475 249
476 249
477 261
478 261
479 261
480 261
481 261
482 261
483 261
484 261
485 261
486 261
487 261
488 261
489 261
490 261
491 261
492 261
493 261
494 261
495 261
496 273
497 273
498 273
499 273
500 273
501 273
502 273
503 273
504 273
505 273
506 273
507 273
508 273
509 273
510 273
511 273
512 273
513 273
514 273
515 273
516 273
517 285
518 285
519 285
520 285
521 285
522 285
523 285
524 285
525 285
526 285
527 285
528 285
529 285
530 285
531 285
532 285
533 285
534 285
535 285
536 298
537 298
538 298
539 298
540 298
541 298
542 298
543 298
544 298
545 298
546 298
547 298
548 298
549 298
550 298
551 298
552 298
553 298
554 298
555 298
556 310
557 310
558 310
559 310
560 310
561 310
562 310
563 310
564 310
565 310
566 310
567 310
568 310
569 310
570 310
571 310
572 310
573 310
574 310
575 310
576 322
577 322
578 322
579 322
580 322
581 322
583 322
584 322
585 322
586 322
587 322
588 322
589 322
590 322
591 322
592 322
593 322
594 322
595 322
596 322
597 333
598 333
599 333
600 333
601 333
602 333
603 333
604 333
605 333
606 333
607 333
608 333
609 333
610 333
611 333
612 333
613 333
614 333
615 333
616 333
617 347
618 347
619 347
620 347
621 347
622 347
623 347
624 347
625 347
626 347
627 347
628 347
629 347
630 347
631 347
632 347
633 347
634 347
635 347
636 347
637 358
638 358
639 358
640 358
641 358
642 358
643 358
644 358
645 358
646 358
647 358
648 358
649 358
650 358
651 358
652 358
653 358
654 358
655 358
656 358
657 371
658 371
659 371
660 371
661 371
662 371
663 371
664 371
665 371
666 371
667 371
668 371
669 371
670 371
671 371
672 371
673 371
674 371
675 371
676 371
677 383
678 383
679 383
680 383
681 383
682 383
683 383
684 383
685 383
686 383
687 383
688 383
689 383
690 383
691 383
692 383
693 383
694 383
695 383
696 383
697 395
698 395
699 395
700 395
701 395
702 395
703 395
704 395
705 395
706 395
707 395
708 395
709 395
710 395
711 395
712 395
713 395
714 395
715 395
716 395