1 -1
6 -1
7 -1
8 -1
9 -1
10 -1
11 -1
12 -1
13 -1
14 -1
15 -1
16 -1
17 -1
18 -1
19 -1
20 -1
21 -1
22 -1
23 -1
24 -1
25 -1
26 -1
27 -1
28 -1
29 -1
30 -1
31 -1
32 -1
33 -1
34 -1
35 0
36 0
37 3
38 3
39 3
40 3
41 3
42 3
43 3
44 3
45 3
46 3
47 3
48 3
49 3
50 3
51 3
52 3
53 3
54 3
55 3
56 3
57 15
58 15
59 15
60 15
61 15
62 15
63 15
64 15
65 15
66 15
67 15
68 15
69 15
70 15
71 15
72 15
73 15
74 15
75 15
76 15
77 27
78 27
79 27
80 27
81 27
82 27
83 27
84 27
85 27
86 27
87 27
88 27
89 27
90 27
91 27
92 27
93 27
94 27
95 27
96 27
97 41
98 41
99 41
100 41
101 41
102 41
103 41
104 41
105 41
106 41
107 41
108 41
109 41
110 41
111 41
112 41
113 41
114 41
115 41
116 41
117 53
118 53
119 53
120 53
121 53
122 53
123 53
124 53
125 53
126 53
127 53
128 53
129 53
130 53
131 53
132 53
133 53
134 53
135 53
136 53
137 66
138 66
139 66
140 66
141 66
142 66
143 66
144 66
145 66
146 66
147 66
148 66
149 66
150 66
151 66
152 66
153 66
154 66
155 66
156 66
157 79
158 79
159 79
160 79
161 79
162 79
163 79
164 79
165 79
166 79
167 79
168 79
169 79
170 79
171 79
172 79
173 79
174 79
175 79
176 79
177 92
178 92
179 92
180 92
181 92
182 92
183 92
184 92
185 92
186 92
187 92
188 92
189 92
190 92
191 92
192 92
193 92
194 92
195 92
196 92
197 105
198 105
199 105
200 105
201 105
202 105
203 105
204 105
205 105
206 105
207 105
208 105
209 105
210 105
211 105
212 105
213 105
214 105
215 105
216 118
217 118
218 118
219 118
220 118
221 118
222 118
223 118
224 118
225 118
226 118
227 118
228 118
229 118
230 118
231 118
232 118
233 118
234 118
235 118
236 118
237 132
238 132
239 132
240 132
241 132
242 132
243 132
244 132
245 132
246 132
247 132
248 132
249 132
250 132
252 132
253 132
254 132
255 132
256 132
257 145
258 145
259 145
260 145
261 145
262 145
263 145
264 145
265 145
266 145
267 145
268 145
269 145
270 145
271 145
272 145
273 145
274 145
275 145
276 145
277 158
278 158
279 158
280 158
281 158
282 158
283 158
284 158
285 158
286 158
287 158
288 158
289 158
290 158
291 158
292 158
293 158
294 158
295 158
296 158
297 172
298 172
299 172
300 172
301 172
302 172
303 172
304 172
305 172
306 172
307 172
308 172
309 172
310 172
311 172
312 172
313 172
314 172
315 172
316 172
317 172
318 185
319 185
320 185
321 185
322 185
323 185
324 185
325 185
326 185
327 185
328 185
329 185
330 185
331 185
332 185
333 185
334 185
335 185
336 185
337 185
338 199
339 199
340 199
341 199
342 199
343 199
344 199
345 199
346 199
347 199
348 199
349 199
350 199
351 199
352 199
353 199
354 199
355 199
356 199
357 212
358 212
359 212
360 212
361 212
362 212
363 212
364 212
365 212
366 212
367 212
368 212
369 212
370 212
371 212
372 212
373 212
374 212
375 212
376 212
377 226
378 226
379 226
380 226
381 226
382 226
383 226
384 226
385 226
386 226
387 226
388 226
389 226
390 226
391 226
392 226
393 226
394 226
395 226
396 226
397 239
398 239
399 239
400 239
401 239
402 239
403 239
404 239
405 239
406 239
407 239
408 239
409 239
410 239
411 239
412 239
413 239
414 239
415 239
416 239
417 253
418 253
419 253
420 253
421 253
422 253
423 253
424 253
425 253
426 253
427 253
428 253
429 253
430 253
431 253
432 253
433 253
434 253
435 253
436 253
437 266
438 266
439 266
440 266
441 266
442 266
443 266
444 266
445 266
446 266
447 266
448 266
449 266
450 266
451 266
452 266
453 266
454 266
455 266
456 266
457 280
458 280
459 280
460 280
461 280
462 280
463 280
464 280
465 280
466 280
467 280
468 280
469 280
470 280
471 280
472 280
473 280
474 280
475 280
476 280
477 293
478 293
479 293
480 293
481 293
482 293
483 293
484 293
485 293
486 293
487 293
488 293
489 293
490 293
491 293
492 293
493 293
494 293
495 293
496 293
497 306
498 306
499 306
500 306
501 306
502 306
503 306
504 306
505 306
506 306
507 306
508 306
509 306
510 306
511 306
512 306
513 306
514 306
515 306
516 306
517 320
518 320
519 320
520 320
521 320
522 320
523 320
524 320
525 320
526 320
527 320
528 320
529 320
530 320
531 320
532 320
533 320
534 320
535 320
536 320
537 333
538 333
539 333
540 333
541 333
542 333
543 333
544 333
545 333
546 333
547 333
548 333
549 333
550 333
551 333
552 333
553 333
554 333
555 333
556 333
557 347
558 347
559 347
560 347
561 347
562 347
563 347
564 347
565 347
566 347
567 347
568 347
569 347
570 347
571 347
572 347
573 347
574 347
575 347
576 360
577 360
578 360
579 360
580 360
581 360
582 360
583 360
584 360
585 360
586 360
587 360
588 360
589 360
590 360
591 360
592 360
593 360
594 360
595 360
596 374
597 374
598 374
599 374
600 374
601 374
602 374
603 374
604 374
605 374
606 374
607 374
608 374
609 374
610 374
611 374
613 374
614 374
615 374
616 374
617 374
618 388
619 388
620 388
621 388
622 388
623 388
624 388
625 388
626 388
627 388
628 388
629 388
630 388
631 388
632 388
633 388
634 388
635 388
636 388
637 388