1 -1
6 -1
7 -1
8 -1
9 -1
10 -1
11 -1
12 -1
13 -1
14 -1
15 -1
16 -1
17 -1
18 -1
19 -1
20 -1
21 -1
22 -1
23 -1
24 -1
25 -1
26 -1
27 -1
28 -1
29 -1
30 -1
31 -1
32 -1
33 -1
34 -1
35 0
36 0
37 2
38 2
39 2
40 2
41 2
42 2
43 2
44 2
45 2
46 2
47 2
48 2
49 2
50 2
51 2
52 2
53 2
54 2
55 2
56 2
57 14
58 14
59 14
60 14
61 14
62 14
63 14
64 14
65 14
66 14
67 14
68 14
69 14
70 14
71 14
72 14
73 14
74 14
75 14
76 14
77 26
78 26
79 26
80 26
81 26
82 26
83 26
84 26
85 26
86 26
87 26
88 26
89 26
90 26
91 26
92 26
93 26
94 26
95 26
96 26
97 39
98 39
99 39
100 39
101 39
102 39
103 39
104 39
105 39
106 39
107 39
108 39
109 39
110 39
111 39
112 39
113 39
114 39
115 39
116 39
117 52
118 52
119 52
120 52
121 52
122 52
123 52
124 52
125 52
126 52
127 52
128 52
129 52
130 52
131 52
132 52
133 52
134 52
135 52
136 52
137 65
138 65
139 65
140 65
141 65
142 65
143 65
144 65
145 65
146 65
147 65
148 65
149 65
150 65
151 65
152 65
153 65
154 65
155 65
156 65
157 77
158 77
159 77
160 77
161 77
162 77
163 77
164 77
165 77
166 77
167 77
168 77
169 77
170 77
171 77
172 77
173 77
174 77
175 77
176 77
177 91
178 91
179 91
180 91
181 91
182 91
183 91
184 91
185 91
186 91
187 91
188 91
189 91
190 91
191 91
192 91
193 91
194 91
195 91
196 91
197 105
198 105
199 105
200 105
201 105
202 105
203 105
204 105
205 105
206 105
207 105
208 105
209 105
210 105
211 105
212 105
213 105
214 105
215 105
216 105
217 118
218 118
219 118
220 118
221 118
222 118
223 118
224 118
225 118
226 118
227 118
228 118
229 118
230 118
231 118
232 118
233 118
234 118
235 118
236 132
237 132
238 132
239 132
240 132
241 132
242 132
243 132
245 132
246 132
247 132
248 132
249 132
250 132
251 132
252 132
253 132
254 132
255 132
256 132
257 132
258 146
259 146
260 146
261 146
262 146
263 146
264 146
265 146
266 146
267 146
268 146
269 146
270 146
271 146
272 146
273 146
274 146
275 146
276 146
277 146
278 159
279 159
280 159
281 159
282 159
283 159
284 159
285 159
286 159
287 159
288 159
289 159
290 159
291 159
292 159
293 159
294 159
295 159
296 159
297 159
298 173
299 173
300 173
301 173
302 173
303 173
304 173
305 173
306 173
307 173
308 173
309 173
310 173
311 173
312 173
313 173
314 173
315 173
316 173
317 186
318 186
319 186
320 186
321 186
322 186
323 186
324 186
325 186
326 186
327 186
328 186
329 186
330 186
331 186
332 186
333 186
334 186
335 186
336 186
337 200
338 200
339 200
340 200
341 200
342 200
343 200
344 200
345 200
346 200
347 200
348 200
349 200
350 200
351 200
352 200
353 200
354 200
355 200
356 200
357 214
358 214
359 214
360 214
361 214
362 214
363 214
364 214
365 214
366 214
367 214
368 214
369 214
370 214
371 214
372 214
373 214
374 214
375 214
376 214
377 227
378 227
379 227
380 227
381 227
382 227
383 227
384 227
385 227
386 227
387 227
388 227
389 227
390 227
391 227
392 227
393 227
394 227
395 227
396 227
397 241
398 241
399 241
400 241
401 241
402 241
403 241
404 241
405 241
406 241
407 241
408 241
409 241
410 241
411 241
412 241
413 241
414 241
415 241
416 241
417 255
418 255
419 255
420 255
421 255
422 255
423 255
424 255
425 255
426 255
427 255
428 255
429 255
430 255
431 255
432 255
433 255
434 255
435 255
436 255
437 268
438 268
439 268
440 268
441 268
442 268
443 268
444 268
445 268
446 268
447 268
448 268
449 268
450 268
451 268
452 268
453 268
454 268
455 268
456 268
457 282
458 282
459 282
460 282
461 282
462 282
463 282
464 282
465 282
466 282
467 282
468 282
469 282
470 282
471 282
472 282
473 282
474 282
475 282
476 282
477 295
478 295
479 295
480 295
481 295
482 295
483 295
484 295
485 295
486 295
487 295
488 295
489 295
490 295
491 295
492 295
493 295
494 295
495 295
496 295
497 309
498 309
499 309
500 309
501 309
502 309
503 309
504 309
505 309
506 309
507 309
508 309
509 309
510 309
511 309
512 309
513 309
514 309
515 309
516 309
517 322
518 322
519 322
520 322
521 322
522 322
523 322
524 322
525 322
526 322
527 322
528 322
529 322
530 322
531 322
532 322
533 322
534 322
535 322
536 322
537 336
538 336
539 336
540 336
541 336
542 336
543 336
544 336
545 336
546 336
547 336
548 336
549 336
550 336
551 336
552 336
553 336
554 336
555 336
556 336
557 349
558 349
559 349
560 349
561 349
562 349
563 349
564 349
565 349
566 349
567 349
568 349
569 349
570 349
571 349
572 349
573 349
574 349
575 349
576 349
577 363
578 363
579 363
580 363
581 363
582 363
583 363
584 363
585 363
586 363
587 363
588 363
589 363
590 363
591 363
592 363
593 363
594 363
595 363
596 363
597 377
598 377
599 377
600 377
601 377
602 377
603 377
604 377
605 377
606 377
607 377
608 377
609 377
610 377
611 377
612 377
613 377
615 377
616 377
617 390
618 390
619 390
620 390
621 390
622 390
623 390
624 390
625 390
626 390
627 390
628 390
629 390
630 390
631 390
632 390
633 390
634 390
635 390
636 390
637 390