1 -1
6 -1
7 -1
8 -1
9 -1
10 -1
11 -1
12 -1
13 -1
14 -1
15 -1
16 -1
17 -1
18 -1
19 -1
20 -1
21 -1
22 -1
23 -1
24 -1
25 -1
26 -1
27 -1
28 -1
29 -1
30 -1
31 -1
32 -1
33 -1
34 -1
35 0
36 0
37 0
38 1
39 1
40 1
41 1
42 1
43 1
44 1
45 1
46 1
47 1
48 1
49 1
50 1
51 1
52 1
53 1
54 1
55 1
56 1
57 13
58 13
59 13
60 13
61 13
62 13
63 13
64 13
65 13
66 13
67 13
68 13
69 13
70 13
71 13
72 13
73 13
74 13
75 13
76 13
77 25
78 25
79 25
80 25
81 25
82 25
83 25
84 25
85 25
86 25
87 25
88 25
89 25
90 25
91 25
92 25
93 25
94 25
95 25
96 25
97 37
98 37
99 37
100 37
101 37
102 37
103 37
104 37
105 37
106 37
107 37
108 37
109 37
110 37
111 37
112 37
113 37
114 37
115 37
116 37
117 49
118 49
119 49
120 49
121 49
122 49
123 49
124 49
125 49
126 49
127 49
128 49
129 49
130 49
131 49
132 49
133 49
134 49
135 49
136 49
137 61
138 61
139 61
140 61
141 61
142 61
143 61
144 61
145 61
146 61
147 61
148 61
149 61
150 61
151 61
152 61
153 61
154 61
155 61
156 61
157 72
158 72
159 72
160 72
161 72
162 72
163 72
164 72
165 72
166 72
167 72
168 72
169 72
170 72
171 72
172 72
173 72
174 72
175 72
176 72
177 85
178 85
179 85
180 85
181 85
182 85
183 85
184 85
185 85
186 85
187 85
188 85
189 85
190 85
191 85
192 85
193 85
194 85
195 85
196 97
197 97
198 97
199 97
200 97
201 97
202 97
203 97
204 97
205 97
206 97
207 97
208 97
209 97
210 97
211 97
212 97
213 97
214 97
215 97
216 97
217 110
218 110
219 110
220 110
221 110
222 110
223 110
224 110
225 110
226 110
227 110
228 110
229 110
230 110
231 110
232 110
233 110
234 110
235 110
236 122
237 122
238 122
239 122
240 122
242 122
243 122
244 122
245 122
246 122
247 122
248 122
249 122
250 122
251 122
252 122
253 122
254 122
255 122
256 122
257 122
258 134
259 134
260 134
261 134
262 134
263 134
264 134
265 134
266 134
267 134
268 134
269 134
270 134
271 134
272 134
273 134
274 134
275 134
276 134
277 134
278 147
279 147
280 147
281 147
282 147
283 147
284 147
285 147
286 147
287 147
288 147
289 147
290 147
291 147
292 147
293 147
294 147
295 147
296 147
297 159
298 159
299 159
300 159
301 159
302 159
303 159
304 159
305 159
306 159
307 159
308 159
309 159
310 159
311 159
312 159
313 159
314 159
315 159
316 159
317 171
318 171
319 171
320 171
321 171
322 171
323 171
324 171
325 171
326 171
327 171
328 171
329 171
330 171
331 171
332 171
333 171
334 171
335 171
336 171
337 183
338 183
339 183
340 183
341 183
342 183
343 183
344 183
345 183
346 183
347 183
348 183
349 183
350 183
351 183
352 183
353 183
354 183
355 183
356 183
357 195
358 195
359 195
360 195
361 195
362 195
363 195
364 195
365 195
366 195
367 195
368 195
369 195
370 195
371 195
372 195
373 195
374 195
375 195
376 195
377 208
378 208
379 208
380 208
381 208
382 208
383 208
384 208
385 208
386 208
387 208
388 208
389 208
390 208
391 208
392 208
393 208
394 208
395 208
396 208
397 221
398 221
399 221
400 221
401 221
402 221
403 221
404 221
405 221
406 221
407 221
408 221
409 221
410 221
411 221
412 221
413 221
414 221
415 221
416 221
417 233
418 233
419 233
420 233
421 233
422 233
423 233
424 233
425 233
426 233
427 233
428 233
429 233
430 233
431 233
432 233
433 233
434 233
435 233
436 233
437 246
438 246
439 246
440 246
441 246
442 246
443 246
444 246
445 246
446 246
447 246
448 246
449 246
450 246
451 246
452 246
453 246
454 246
455 246
456 246
457 259
458 259
459 259
460 259
461 259
462 259
463 259
464 259
465 259
466 259
467 259
468 259
469 259
470 259
471 259
472 259
473 259
474 259
475 259
476 259
477 272
478 272
479 272
480 272
481 272
482 272
483 272
484 272
485 272
486 272
487 272
488 272
489 272
490 272
491 272
492 272
493 272
494 272
495 272
496 272
497 285
498 285
499 285
500 285
501 285
502 285
503 285
504 285
505 285
506 285
507 285
508 285
509 285
510 285
511 285
512 285
513 285
514 285
515 285
516 285
517 298
518 298
519 298
520 298
521 298
522 298
523 298
524 298
525 298
526 298
527 298
528 298
529 298
530 298
531 298
532 298
533 298
534 298
535 298
536 298
537 310
538 310
539 310
540 310
541 310
542 310
543 310
544 310
545 310
546 310
547 310
548 310
549 310
550 310
551 310
552 310
553 310
554 310
555 310
556 323
557 323
558 323
559 323
560 323
561 323
562 323
563 323
564 323
565 323
566 323
567 323
568 323
569 323
570 323
571 323
572 323
573 323
574 323
575 323
576 336
577 336
578 336
579 336
580 336
581 336
582 336
583 336
584 336
585 336
586 336
587 336
588 336
589 336
590 336
591 336
592 336
593 336
594 336
595 336
596 349
597 349
598 349
599 349
600 349
601 349
602 349
604 349
605 349
606 349
607 349
608 349
609 349
610 349
611 349
612 349
613 349
614 349
615 349
616 349
617 362
618 362
619 362
620 362
621 362
622 362
623 362
624 362
625 362
626 362
627 362
628 362
629 362
630 362
631 362
632 362
633 362
634 362
635 362
636 362
637 375
638 375
639 375
640 375
641 375
642 375
643 375
644 375
645 375
646 375
647 375
648 375
649 375
650 375
651 375
652 375
653 375
654 375
655 375
656 375
657 388
658 388
659 388
660 388
661 388
662 388
663 388
664 388
665 388
666 388
667 388
668 388
669 388
670 388
671 388
672 388
673 388
674 388
675 388
676 388