1 -1
6 -1
7 -1
8 -1
9 -1
10 -1
11 -1
12 -1
13 -1
14 -1
15 -1
16 -1
17 -1
18 -1
19 -1
20 -1
21 -1
22 -1
23 -1
24 -1
25 -1
26 -1
27 -1
28 -1
29 -1
30 -1
31 -1
32 -1
33 -1
34 -1
35 0
36 0
37 3
38 3
39 3
40 3
41 3
42 3
43 3
44 3
45 3
46 3
47 3
48 3
49 3
50 3
51 3
52 3
53 3
54 3
55 3
56 3
57 14
58 14
59 14
60 14
61 14
62 14
63 14
64 14
65 14
66 14
67 14
68 14
69 14
70 14
71 14
72 14
73 14
74 14
75 14
76 14
77 26
78 26
79 26
80 26
81 26
82 26
83 26
84 26
85 26
86 26
87 26
88 26
89 26
90 26
91 26
92 26
93 26
94 26
95 26
96 26
97 38
98 38
99 38
100 38
101 38
102 38
103 38
104 38
105 38
106 38
107 38
108 38
109 38
110 38
111 38
112 38
113 38
114 38
115 38
116 38
117 51
118 51
119 51
120 51
121 51
122 51
123 51
124 51
125 51
126 51
127 51
128 51
129 51
130 51
131 51
132 51
133 51
134 51
135 51
136 51
137 63
138 63
139 63
140 63
141 63
142 63
143 63
144 63
145 63
146 63
147 63
148 63
149 63
150 63
151 63
152 63
153 63
154 63
155 63
156 63
157 75
158 75
159 75
160 75
161 75
162 75
163 75
164 75
165 75
166 75
167 75
168 75
169 75
170 75
171 75
172 75
173 75
174 75
175 75
176 75
177 88
178 88
179 88
180 88
181 88
182 88
183 88
184 88
185 88
186 88
187 88
188 88
189 88
190 88
191 88
192 88
193 88
194 88
195 88
196 88
197 101
198 101
199 101
200 101
201 101
202 101
203 101
204 101
205 101
206 101
207 101
208 101
209 101
210 101
211 101
212 101
213 101
214 101
215 101
216 101
217 114
218 114
219 114
220 114
221 114
222 114
223 114
224 114
225 114
226 114
227 114
228 114
229 114
230 114
231 114
232 114
233 114
234 114
235 114
236 127
237 127
238 127
239 127
240 127
241 127
242 127
243 127
244 127
245 127
246 127
247 127
248 127
249 127
250 127
251 127
252 127
253 127
255 127
256 127
257 127
258 140
259 140
260 140
261 140
262 140
263 140
264 140
265 140
266 140
267 140
268 140
269 140
270 140
271 140
272 140
273 140
274 140
275 140
276 140
277 152
278 152
279 152
280 152
281 152
282 152
283 152
284 152
285 152
286 152
287 152
288 152
289 152
290 152
291 152
292 152
293 152
294 152
295 152
296 152
297 152
298 165
299 165
300 165
301 165
302 165
303 165
304 165
305 165
306 165
307 165
308 165
309 165
310 165
311 165
312 165
313 165
314 165
315 165
316 165
317 178
318 178
319 178
320 178
321 178
322 178
323 178
324 178
325 178
326 178
327 178
328 178
329 178
330 178
331 178
332 178
333 178
334 178
335 178
336 178
337 178
338 191
339 191
340 191
341 191
342 191
343 191
344 191
345 191
346 191
347 191
348 191
349 191
350 191
351 191
352 191
353 191
354 191
355 191
356 191
357 205
358 205
359 205
360 205
361 205
362 205
363 205
364 205
365 205
366 205
367 205
368 205
369 205
370 205
371 205
372 205
373 205
374 205
375 205
376 205
377 218
378 218
379 218
380 218
381 218
382 218
383 218
384 218
385 218
386 218
387 218
388 218
389 218
390 218
391 218
392 218
393 218
394 218
395 218
396 218
397 231
398 231
399 231
400 231
401 231
402 231
403 231
404 231
405 231
406 231
407 231
408 231
409 231
410 231
411 231
412 231
413 231
414 231
415 231
416 231
417 244
418 244
419 244
420 244
421 244
422 244
423 244
424 244
425 244
426 244
427 244
428 244
429 244
430 244
431 244
432 244
433 244
434 244
435 244
436 244
437 258
438 258
439 258
440 258
441 258
442 258
443 258
444 258
445 258
446 258
447 258
448 258
449 258
450 258
451 258
452 258
453 258
454 258
455 258
456 258
457 271
458 271
459 271
460 271
461 271
462 271
463 271
464 271
465 271
466 271
467 271
468 271
469 271
470 271
471 271
472 271
473 271
474 271
475 271
476 271
477 284
478 284
479 284
480 284
481 284
482 284
483 284
484 284
485 284
486 284
487 284
488 284
489 284
490 284
491 284
492 284
493 284
494 284
495 284
496 284
497 297
498 297
499 297
500 297
501 297
502 297
503 297
504 297
505 297
506 297
507 297
508 297
509 297
510 297
511 297
512 297
513 297
514 297
515 297
516 297
517 311
518 311
519 311
520 311
521 311
522 311
523 311
524 311
525 311
526 311
527 311
528 311
529 311
530 311
531 311
532 311
533 311
534 311
535 311
536 311
537 324
538 324
539 324
540 324
541 324
542 324
543 324
544 324
545 324
546 324
547 324
548 324
549 324
550 324
551 324
552 324
553 324
554 324
555 324
556 324
557 337
558 337
559 337
560 337
561 337
562 337
563 337
564 337
565 337
566 337
567 337
568 337
569 337
570 337
571 337
572 337
573 337
574 337
575 337
576 337
577 351
578 351
579 351
580 351
581 351
582 351
583 351
584 351
585 351
586 351
587 351
588 351
589 351
590 351
591 351
592 351
593 351
594 351
595 351
596 351
597 364
598 364
599 364
600 364
601 364
602 364
603 364
604 364
605 364
606 364
607 364
608 364
609 364
610 364
611 364
612 364
613 364
614 364
615 364
616 377
617 377
618 377
619 377
620 377
622 377
623 377
624 377
625 377
626 377
627 377
628 377
629 377
630 377
631 377
632 377
633 377
634 377
635 377
636 377
637 390
638 390
639 390
640 390
641 390
642 390
643 390
644 390
645 390
646 390
647 390
648 390
649 390
650 390
651 390
652 390
653 390
654 390
655 390
656 390