1 -1
6 -1
7 -1
8 -1
9 -1
10 -1
11 -1
12 -1
13 -1
14 -1
15 -1
16 -1
17 -1
18 -1
19 -1
20 -1
21 -1
22 -1
23 -1
24 -1
25 -1
26 -1
27 -1
28 -1
29 -1
30 -1
31 -1
32 -1
33 -1
34 -1
35 0
36 9
37 9
38 9
39 9
40 9
41 9
42 9
43 9
44 9
45 9
46 9
47 9
48 9
49 9
50 9
51 9
52 9
53 9
54 9
55 9
56 22
57 22
58 22
59 22
60 22
61 22
62 22
63 22
64 22
65 22
66 22
67 22
68 22
69 22
70 22
71 22
72 22
73 22
74 22
75 22
76 36
77 36
78 36
79 36
80 36
81 36
82 36
83 36
84 36
85 36
86 36
87 36
88 36
89 36
90 36
91 36
92 36
93 36
94 36
95 36
96 50
97 50
98 50
99 50
100 50
101 50
102 50
103 50
104 50
105 50
106 50
107 50
108 50
109 50
110 50
111 50
112 50
113 50
114 50
115 50
116 64
117 64
118 64
119 64
120 64
121 64
122 64
123 64
124 64
125 64
126 64
127 64
128 64
129 64
130 64
131 64
132 64
133 64
134 64
135 64
136 78
137 78
138 78
139 78
140 78
141 78
142 78
143 78
144 78
145 78
146 78
147 78
148 78
149 78
150 78
151 78
152 78
153 78
154 78
155 78
156 92
157 92
158 92
159 92
160 92
161 92
162 92
163 92
164 92
165 92
166 92
167 92
168 92
169 92
170 92
171 92
172 92
173 92
174 92
175 92
176 106
177 106
178 106
179 106
180 106
181 106
182 106
183 106
184 106
185 106
186 106
187 106
188 106
189 106
190 106
191 106
192 106
193 106
194 106
195 106
196 120
197 120
198 120
199 120
200 120
201 120
202 120
203 120
204 120
205 120
206 120
207 120
208 120
209 120
210 120
211 120
212 120
213 120
214 120
215 120
216 134
217 134
218 134
219 134
220 134
221 134
222 134
223 134
224 134
225 134
226 134
227 134
228 134
229 134
230 134
231 134
232 134
233 134
234 134
235 134
236 149
237 149
238 149
239 149
240 149
241 149
242 149
243 149
244 149
245 149
246 149
247 149
249 149
250 149
251 149
252 149
253 149
254 149
255 149
256 149
257 163
258 163
259 163
260 163
261 163
262 163
263 163
264 163
265 163
266 163
267 163
268 163
269 163
270 163
271 163
272 163
273 163
274 163
275 163
276 163
277 177
278 177
279 177
280 177
281 177
282 177
283 177
284 177
285 177
286 177
287 177
288 177
289 177
290 177
291 177
292 177
293 177
294 177
295 177
296 177
297 192
298 192
299 192
300 192
301 192
302 192
303 192
304 192
305 192
306 192
307 192
308 192
309 192
310 192
311 192
312 192
313 192
314 192
315 192
316 192
317 206
318 206
319 206
320 206
321 206
322 206
323 206
324 206
325 206
326 206
327 206
328 206
329 206
330 206
331 206
332 206
333 206
334 206
335 206
336 220
337 220
338 220
339 220
340 220
341 220
342 220
343 220
344 220
345 220
346 220
347 220
348 220
349 220
350 220
351 220
352 220
353 220
354 220
355 220
356 220
357 235
358 235
359 235
360 235
361 235
362 235
363 235
364 235
365 235
366 235
367 235
368 235
369 235
370 235
371 235
372 235
373 235
374 235
375 235
376 235
377 250
378 250
379 250
380 250
381 250
382 250
383 250
384 250
385 250
386 250
387 250
388 250
389 250
390 250
391 250
392 250
393 250
394 250
395 250
396 264
397 264
398 264
399 264
400 264
401 264
402 264
403 264
404 264
405 264
406 264
407 264
408 264
409 264
410 264
411 264
412 264
413 264
414 264
415 264
416 278
417 278
418 278
419 278
420 278
421 278
422 278
423 278
424 278
425 278
426 278
427 278
428 278
429 278
430 278
431 278
432 278
433 278
434 278
435 278
436 278
437 293
438 293
439 293
440 293
441 293
442 293
443 293
444 293
445 293
446 293
447 293
448 293
449 293
450 293
451 293
452 293
453 293
454 293
455 293
456 308
457 308
458 308
459 308
460 308
461 308
462 308
463 308
464 308
465 308
466 308
467 308
468 308
469 308
470 308
471 308
472 308
473 308
474 308
475 308
476 322
477 322
478 322
479 322
480 322
481 322
482 322
483 322
484 322
485 322
486 322
487 322
488 322
489 322
490 322
491 322
492 322
493 322
494 322
495 322
496 336
497 336
498 336
499 336
500 336
501 336
502 336
503 336
504 336
505 336
506 336
507 336
508 336
509 336
510 336
511 336
512 336
513 336
514 336
515 336
516 350
517 350
518 350
519 350
520 350
521 350
522 350
523 350
524 350
525 350
526 350
527 350
528 350
529 350
530 350
531 350
532 350
533 350
534 350
535 350
536 364
537 364
538 364
539 364
540 364
541 364
542 364
543 364
544 364
545 364
546 364
547 364
548 364
549 364
550 364
551 364
552 364
553 364
554 364
555 364
556 378
557 378
558 378
559 378
560 378
561 378
562 378
563 378
564 378
565 378
566 378
567 378
568 378
569 378
570 378
571 378
572 378
573 378
574 378
575 378
576 392
577 392
578 392
579 392
580 392
581 392
582 392
583 392
584 392
585 392
586 392
587 392
588 392
589 392
590 392
591 392
592 392
593 392
594 392
595 392