1 -1
6 -1
7 -1
8 -1
9 -1
10 -1
11 -1
12 -1
13 -1
14 -1
15 -1
16 -1
17 -1
18 -1
19 -1
20 -1
21 -1
22 -1
23 -1
24 -1
25 -1
26 -1
27 -1
28 -1
29 -1
30 -1
31 -1
32 -1
33 -1
34 -1
35 0
36 4
37 4
38 4
39 4
40 4
41 4
42 4
43 4
44 4
45 4
46 4
47 4
48 4
49 4
50 4
51 4
52 4
53 4
54 4
55 4
56 16
57 16
58 16
59 16
60 16
61 16
62 16
63 16
64 16
65 16
66 16
67 16
68 16
69 16
70 16
71 16
72 16
73 16
74 16
75 16
76 28
77 28
78 28
79 28
80 28
81 28
82 28
83 28
84 28
85 28
86 28
87 28
88 28
89 28
90 28
91 28
92 28
93 28
94 28
95 28
96 40
97 40
98 40
99 40
100 40
101 40
102 40
103 40
104 40
105 40
106 40
107 40
108 40
109 40
110 40
111 40
112 40
113 40
114 40
115 40
116 52
117 52
118 52
119 52
120 52
121 52
122 52
123 52
124 52
125 52
126 52
127 52
128 52
129 52
130 52
131 52
132 52
133 52
134 52
135 52
136 65
137 65
138 65
139 65
140 65
141 65
142 65
143 65
144 65
145 65
146 65
147 65
148 65
149 65
150 65
151 65
152 65
153 65
154 65
155 65
156 78
157 78
158 78
159 78
160 78
161 78
162 78
163 78
164 78
165 78
166 78
167 78
168 78
169 78
170 78
171 78
172 78
173 78
174 78
175 78
176 90
177 90
178 90
179 90
180 90
181 90
182 90
183 90
184 90
185 90
186 90
187 90
188 90
189 90
190 90
191 90
192 90
193 90
194 90
195 90
196 103
197 103
198 103
199 103
200 103
201 103
202 103
203 103
204 103
205 103
206 103
207 103
208 103
209 103
210 103
211 103
212 103
213 103
214 103
215 103
216 116
217 116
218 116
219 116
220 116
221 116
222 116
223 116
224 116
225 116
227 116
228 116
229 116
230 116
231 116
232 116
233 116
234 116
235 116
236 116
237 129
238 129
239 129
240 129
241 129
242 129
243 129
244 129
245 129
246 129
247 129
248 129
249 129
250 129
251 129
252 129
253 129
254 129
255 129
256 129
257 142
258 142
259 142
260 142
261 142
262 142
263 142
264 142
265 142
266 142
267 142
268 142
269 142
270 142
271 142
272 142
273 142
274 142
275 142
276 142
277 155
278 155
279 155
280 155
281 155
282 155
283 155
284 155
285 155
286 155
287 155
288 155
289 155
290 155
291 155
292 155
293 155
294 155
295 155
296 168
297 168
298 168
299 168
300 168
301 168
302 168
303 168
304 168
305 168
306 168
307 168
308 168
309 168
310 168
311 168
312 168
313 168
314 168
315 168
316 168
317 181
318 181
319 181
320 181
321 181
322 181
323 181
324 181
325 181
326 181
327 181
328 181
329 181
330 181
331 181
332 181
333 181
334 181
335 181
336 181
337 194
338 194
339 194
340 194
341 194
342 194
343 194
344 194
345 194
346 194
347 194
348 194
349 194
350 194
351 194
352 194
353 194
354 194
355 194
356 207
357 207
358 207
359 207
360 207
361 207
362 207
363 207
364 207
365 207
366 207
367 207
368 207
369 207
370 207
371 207
372 207
373 207
374 207
375 207
376 220
377 220
378 220
379 220
380 220
381 220
382 220
383 220
384 220
385 220
386 220
387 220
388 220
389 220
390 220
391 220
392 220
393 220
394 220
395 220
396 234
397 234
398 234
399 234
400 234
401 234
402 234
403 234
404 234
405 234
406 234
407 234
408 234
409 234
410 234
411 234
412 234
413 234
414 234
415 234
416 247
417 247
418 247
419 247
420 247
421 247
422 247
423 247
424 247
425 247
426 247
427 247
428 247
429 247
430 247
431 247
432 247
433 247
434 247
435 247
436 260
437 260
438 260
439 260
440 260
441 260
442 260
443 260
444 260
445 260
446 260
447 260
448 260
449 260
450 260
451 260
452 260
453 260
454 260
455 260
456 273
457 273
458 273
459 273
460 273
461 273
462 273
463 273
464 273
465 273
466 273
467 273
468 273
469 273
470 273
471 273
472 273
473 273
474 273
475 273
476 287
477 287
478 287
479 287
480 287
481 287
482 287
483 287
484 287
485 287
486 287
487 287
488 287
489 287
490 287
491 287
492 287
493 287
494 287
495 287
496 300
497 300
498 300
499 300
500 300
501 300
502 300
503 300
504 300
505 300
506 300
507 300
508 300
509 300
510 300
511 300
512 300
513 300
514 300
515 300
516 314
517 314
518 314
519 314
520 314
521 314
522 314
523 314
524 314
525 314
526 314
527 314
528 314
529 314
530 314
531 314
532 314
533 314
534 314
535 314
536 327
537 327
538 327
539 327
540 327
541 327
542 327
543 327
544 327
545 327
546 327
547 327
548 327
549 327
550 327
551 327
552 327
553 327
554 327
555 327
556 341
557 341
558 341
559 341
560 341
561 341
562 341
563 341
564 341
565 341
566 341
567 341
568 341
569 341
570 341
571 341
572 341
573 341
574 341
575 341
576 355
577 355
578 355
579 355
580 355
581 355
582 355
583 355
584 355
585 355
586 355
587 355
588 355
589 355
590 355
591 355
592 355
594 355
595 355
596 355
597 368
598 368
599 368
600 368
601 368
602 368
603 368
604 368
605 368
606 368
607 368
608 368
609 368
610 368
611 368
612 368
613 368
614 368
615 368
616 382
617 382
618 382
619 382
620 382
621 382
622 382
623 382
624 382
625 382
626 382
627 382
628 382
629 382
630 382
631 382
632 382
633 382
634 382
635 382
636 382
637 395
638 395
639 395
640 395
641 395
642 395
643 395
644 395
645 395
646 395
647 395
648 395
649 395
650 395
651 395
652 395
653 395
654 395
655 395
656 395