-1.8064516129032193
2.061855670103096
2.2727272727272396
4.391891891891906
3.728813559322033
-32.653061224489804
-0.3300330033003492
8.610169491525422
1.333333333333332
2.466666666666688
-6.049382716049377
8.45360824742267
4.765100671140951
32.43986254295533
5.999999999999999
1.4426229508196917
1.5488215488215569
-2.9652996845425905
1.3651877133105788
-1.4153846153845915
13.91600668917427
-9.130362762961738
7.6871068746709525
-13.379134984474723
25.096511905982034
-4.894550010440595
-7.676782204324277
-5.789816721850009
-5.237892202352599
-11.404265291774083
-0.7533973958037323
-9.400592875445898
-7.341145833333329
-27.382143149954917
8.993919292426742
-1.1720052317082685
5.801820728291305
-9.171508715688253
7.859580692345198
1.7250568006507754
4.302898836521413
-3.336842105263161
-7.198764160659109
5.831828215934158
10.194444444444457
8.418416490078968
1.2134134522194246
1.8236113876169457
-14.428969359331484
-4.610930148389419
7.54228855721393
2.3536322694341227
0.5093780848963619
9.992038216560516
11.339198435972609
9.926041261191134
-6.841309823677571
15.741281901422175
2.4810126582278516
-4.992967651195487
0.5652173913043351
-4.154786150712846
-1.1290322580645191
-2.9809358752166326
19.36170212765957
6.906779661016947
12.192066805845522
1.673819742489276
-3.57588357588357
-1.2210526315789572
1.4196242171189986
15.193482688391038
0.43010752688173093
2.3326133909287323
9.318681318681303
21.634408602150557
3.2848232848232746
19.615384615384624
4.133611691022961
4.497816593886472
-3.584229390680994
42.82828282828286
3.8541666666666474
4.26778242677823
1.042752867570383
1.5978928884986767
3.8437821171634003
13.804573804573828
-23.333333333333325
-4.901960784313726
-0.2426693629929472
7.877591312931901
45.997952917093144
3.485653560042532
9.224489795918377
9.549180327868852
3.6680327868852487
-0.5846774193548365
-5.519031141868515
5.183044315992285
3.348921065975537
-5.340296656650942
5.147960611689264
-10.157057604434563
-10.454841713221615
-1.3644938168098797
-11.633983915938892
29.23927721689923
-3.040203615208798
-8.349357402138716
14.6325031166282
27.162481944743227
-12.518563114589623
-8.755538865940654
2.3153775922785798
6.13368560105679
-5.53066858720443
-9.518992174079019
-8.575703860586096
1.576235059223496
-1.9855791595596206
-5.954606141522028
-39.20360879092667
13.718080391687886
-5.347913055074
16.920055059776985
-1.2666046415464915
44.471136213599344
39.527148383531355
-17.615079405554813
42.07550610979391
8.373648456128233
0.05910919938948042
3.0432830696912756
6.640525920749536
11.919073066300603
-14.764623778708282
-12.946563834182632
15.534045597053547
26.721254871010697
5.214121299716305
-20.2294184766694
20.222822101206177
58.646351841273905
23.666465316387047
-7.8976045552719265
-42.961111498987655
12.038771108422331
5.426785691082247
-22.508901894978102
9.56809002103416
99.21953933785309
12.064470253614603
1.3356480903254793
1.3940652094272843
58.570488876359605
0.49334394288047206
34.388521976770654
4.992409966499161
-23.583084348425643
-11.367913293839216
8.157304394942207
-26.560381355932204
38.82140982198255
-8.666459068576575
8.430711288358571
0.784460696655933
81.73759643466082
15.844870204097584
-32.371475643672895
-17.135741817173326
43.61975388252996
-38.64137365355195
78.59583974347638
84.68970883859669
89.10435075168664
5.626257980604219
-47.125371441061226
-45.2459771513495
-32.707641866145416
