-22.519899273013834
3.68026929010414
18.790590178181812
11.512996325155099
12.222138403933386
-5.413635319102788
1.8455184895518104
6.577086406750224
-20.307531190420196
0.752374311821987
4.94238941139982
25.772092271687697
30.67171199810212
16.339729708121098
31.952809643717657
8.82735425524234
22.667862663998246
-2.743531159810984
22.97410515933557
0.5497649356042578
11.288091991400979
-16.021235355341645
1.5729818464444247
-12.574968165422574
25.730586847259325
0.1652817154187854
-14.410263212941633
0.4559534220456275
-5.876387832973222
-10.184163995522812
-0.10910557649995853
-10.541197636765704
-7.0393245999398975
-24.732554360275437
-3.3763978684649794
-0.5037985363789379
7.926530538353706
-16.04565363964191
6.510358901026314
3.55101958261829
3.6417811296457505
-6.13052478735617
-4.403053983334561
11.585970292751353
1.8413608780380775
1.777150976239886
3.8007243627302247
5.052672971993419
-10.630859876134464
-1.524565577706772
9.253333459007699
10.487993418682162
6.410977773302514
2.366456514951655
12.31504098058413
8.715513598121367
-5.335854428274625
3.3083612279573433
8.867214394799145
-7.1809902335035956
1.2884874087378901
5.436715347157022
-0.5960819447160379
-16.8933427824618
0.42125129402606637
4.389419515558115
1.4360191566211962
1.0787711391212587
16.2216842150499
4.894774117722745
2.0155132116478245
-2.9353754378907726
-0.12886328694217797
14.157395851150573
18.623351040727997
9.12055841550722
4.452936943111697
5.126990401184288
2.051622754045948
10.109422209790154
-8.307684128609214
10.517441843770666
10.146546189907836
19.80271844497533
8.159438240755419
-4.903015972844996
-0.4394252418857195
7.70496183415923
-14.911480532208188
16.160946241137143
3.8524495874624995
9.823811754980806
4.667525308478091
15.55357419286833
-0.7322643036243031
13.290789088830362
14.295803793874374
5.198593980900975
-5.708274231734754
9.0154854020835
10.197939595607346
-1.3715652732243664
7.792194123721534
-1.7619177065017457
-6.1430302604326465
-2.0496022122953566
-10.200392411370734
25.137048677050196
7.164598042219679
-17.948305339765984
3.738326958126058
22.290819210695727
-13.493422086798857
-5.392103014402435
5.699209912401367
4.340520918499419
-0.8434052998645204
-2.085551986565762
-7.476684093909572
8.523276186958823
4.151643097208729
-51.45963458446988
-29.62468232594322
-6.873082142125578
-13.117804713268344
-2.376000486981835
-8.619763270457037
44.00003303826748
46.20196063846555
-15.32174233545714
31.2055794034525
-5.525405097022407
8.644150053375913
-13.683857317083367
-1.4232492435181505
12.643356171641079
-16.35350252765897
-22.15443881210362
7.275621731125866
38.07080745548335
22.149047166016363
-13.553421757663935
42.8454370251736
131.8439574300704
8.906432058535211
-11.612594489415272
-39.77056948197396
106.94660586517459
12.381281630363603
-17.739730352594375
3.785163726141362
156.82599691295565
-0.12584040827135484
5.313615724513121
-1.8883878075456
32.07384313372167
18.92386550872515
55.09270130746844
7.009716531303349
-27.652991717892245
-21.698035405567015
22.672971667213147
-75.64542210586393
48.40243754932757
-20.924749536203848
17.573547192769258
-23.93018571719826
107.12349897014583
11.573341742105264
-24.742316737783877
-33.37887121621706
4.6369432961054
-41.759625579180394
62.629857683929515
131.9606897131381
69.92320100929793
-0.0909550603420658
-39.83677529166802
-67.1363750097726
-22.251192192818092
