-145100127214.06357
-153090338579.30585
-155035700207.92978
-155358650115.22995
-151193193196.91135
-101023948182.23035
-146851466193.112
-151939652477.3525
-148991670388.46338
-146707286280.69647
-138873699590.25867
-154168530200.67102
-149780753690.84415
-155283810990.50458
-148871157492.7189
-146579839992.79886
-150116226494.1746
-140735416867.2244
-152023058061.63007
-137946801876.61478
-2102454926.9204035
-1577732117.3656068
-1849020412.744544
-1645606598.8903825
-2257699697.7189336
-1736626827.4319448
-1598531244.7112536
-1733700808.340859
-1685929324.8157003
-1569184943.6101034
-1888989516.6457705
-1672244191.986001
-1735901938.1230664
-1376728295.83158
-1830933231.486915
-1690796630.1995356
-1926742396.5519152
-1702654536.2545204
-2021080213.3430746
-1897446467.242929
-9037007540.270988
-8109703290.611236
-7884375929.77906
-9182854280.171446
-9246619699.414927
-8859037307.46995
-8929004510.838608
-9195695031.764254
-7565512672.797793
-8415977483.285068
-9195840035.904772
-9016686570.27796
-9053257547.757633
-9199345442.955503
-9038397666.468718
-8945571185.91336
-7714197146.185076
-9018815416.882854
-8995119260.357767
-8076762107.850976
-94954820698.56017
-90133539199.86154
-89044165153.91177
-76991137791.92868
-94400124855.73528
-93256796998.44252
-93283296125.19202
-94071748359.61363
-92715671004.5587
-93307246422.99876
-93153654681.86981
-90365215361.72789
-94580907027.38286
-94673446855.86777
-97913401096.20302
-95408987852.42206
-92621442305.62773
-94867743876.78221
-91847128147.32854
-96258575918.5136
-37992143998.18751
-43129029108.98523
-44419056550.30509
-44470994149.02342
-45266018146.03638
-36820969169.39942
-43760279881.36592
-44496518102.106895
-32934607816.602398
-42643133921.39172
-43458879117.78539
-41687316575.08536
-43732549560.37184
-45866003124.55988
-43207876422.257195
-43892677185.96233
-43645498624.57126
-43424848101.06287
-36594842059.841606
-40873533043.97647
-1764024258.4649742
-1488286754.6078067
-1670060661.046629
-1579298789.0818553
-1467542286.8333752
-1655867325.1153064
-1453999067.0890512
-2018621540.8172872
-1640427471.6909769
-1553719323.1038032
-1667465816.8505435
-1914707476.0237086
-1393966368.4880378
-1594759469.553913
-1637707028.0595374
-1690092521.5773304
-1505689161.272608
-1496558755.3529549
-1447243826.0851202
-1704991347.1263592
-730274647.2084441
-17929511509.972137
-520011805.11345464
-792870149.9596913
-751506438.1229522
-877863336.673563
-730119725.2247429
-1034921471.3490423
-968192898.4583441
-571625036.7674887
-934086646.2743748
-852875894.7812954
-778815300.2291098
-745279452.9547637
-725451960.8620007
-918290770.3979602
-719141583.2264165
-648721485.5724989
-864375238.6682274
-929676038.7411464
-899657683.7288549
-681349285.9380357
-1049168939.6606243
-38637273498.115036
-842104847.213268
-826668274.2099781
-467333928.40969634
-28885173379.595226
-875253817.4057609
-689558539.3616457
-864175751.3976538
-45570134106.05347
-844189613.3079761
-841749418.979563
-828910411.156244
-36125256640.86251
-731237838.1509982
-913738959.3539441
-879352138.6467941
-592449335.6708453
-196984589.11701894
-328045390.3764381
-10228077866.382998
-385628401.6396994
-223670920.946569
-4788775742.384083
-230784591.41260955
-544840940.2770932
-313308780.6148038
-201587638.31856185
-181228217.11451215
-318061392.93980247
-137334807.25352502
-383887068.5566901
-595522782.5016387
-576187881.0054415
-320256092.84666765
-167637119.6421858
-6338417197.892925
-236218548.90441814
