4.612903225806401
33.77319587628859
-0.14285714285717008
3.8445945945946227
3.1288135593220496
-24.015873015873
9.785478547854806
58.07457627118634
2.630000000000041
12.113333333333411
-3.5679012345678607
5.017182130584215
25.41610738255038
8.714776632302454
6.94333333333339
10.049180327868926
3.309764309764346
-1.7097791798107764
4.668941979522246
-2.7353846153845462
9.700375477234696
-13.378380936605225
0.40128571032726196
-10.220165766118196
25.284308701445156
-1.299305700563764
-10.727216069801985
-4.5035326016111235
-10.614431541722075
-15.348886805718335
-1.4692670722692935
-7.743229663869798
-8.437864583333335
-25.711117487906886
0.6646489773355122
6.145795399174186
3.206349206349239
-10.018758765778403
12.927352510970216
2.162379736893765
5.580161703805963
-5.900175438596511
4.0149330587024235
8.838049367850664
5.329960317460321
4.85436332113272
1.3372746656328305
11.621540911805681
-8.170571849909908
-2.1331885631560272
6.32477611940291
7.368317994908943
5.311154985192448
2.37917993630573
9.31280547409577
19.61638769949401
-1.0953820319059486
4.14026884862652
7.414605647517004
-7.261603375527452
1.9413043478261012
2.177189409368565
1.4294354838710008
-16.50606585788566
1.8042553191489132
-1.7648305084746272
3.221294363256803
-0.5407725321888346
4.4178794178793845
13.04421052631583
2.0960334029227257
5.063136456211764
2.3290322580645375
2.926565874730072
10.863736263736183
1.3505376344085616
-2.1268191268191834
10.149572649572738
-2.912317327766143
41.92576419213987
-1.8996415770608954
115.0636363636363
2.858333333333375
4.575313807531376
7.221063607924956
-5.669885864793665
22.15107913669057
5.092515592515574
-20.9720930232558
20.416666666666604
2.4964610717896516
6.374136229022781
2.271238485158663
5.151965993623781
17.945918367346973
18.24897540983606
22.942622950819587
-2.04233870967743
-8.487024221453245
7.563583815028944
6.418784156853895
-0.26651404588160027
12.7197017887586
-6.166271317635903
-6.952630353817462
-2.213582058268712
-8.614604696177144
25.523728377596356
10.547423644296696
-8.14482978514663
8.575316304607364
20.318940348504864
-14.901175106473092
-7.279384153210601
6.421938176601048
6.290250990753001
-6.387348457568113
-0.5840570719603183
-8.657082345357841
8.802768259450147
-6.534243035095863
-21.406612610852445
-27.172857051170435
-0.9442435668359065
-6.432991065475327
8.111356852312955
-8.863428438517575
46.02569133719653
44.627866814037084
-24.870207362225948
33.92019962528804
5.509590150413107
-0.943901762175711
-14.431866796947226
0.26285684706372603
17.746302560834103
-16.797373429767852
-14.669340770325482
14.480169238730104
44.67061280192024
12.119292329104452
-16.959457958458366
23.41565372072331
57.53218003567137
20.818932679150365
1.2862384645592475
-34.22213223486701
55.519569677521176
18.41066022167649
-21.44435804035524
10.132489386138086
110.75567042010155
0.5417597085865115
3.03365973072221
-2.9103309317376964
45.67991636713884
1.426353254908698
20.471887684702605
3.134500628140776
-25.941728691901112
-19.871734575438325
35.37439296728223
-38.52040519067801
30.729543502123686
-22.50245311743129
12.057575743858244
-39.53489525889917
180.48026571230832
7.841059861459879
-13.295620813050634
-38.45514514860114
8.764546968964169
-41.37536289657738
19.141111563013986
70.59775630633557
159.0291909408035
18.832386293389458
-42.2350369749736
-57.591312037475596
-25.550726338527674
