175.48387096773988
193.4707903780047
177.27272727272518
188.51351351351136
189.49152542372667
93.65079365079221
181.84818481847972
189.49152542372667
184.66666666666455
184.66666666666455
163.5802469135783
193.4707903780047
186.57718120805157
193.4707903780047
184.66666666666455
179.99999999999795
187.5420875420854
169.40063091482452
191.4675767918067
162.76923076922884
17.092102356987322
-12.184386757850428
2.829116905428221
-9.268722036136063
26.780772778517946
-3.1373982042180217
-11.045591830864394
-3.2510363167088414
-6.924832585086939
-13.030232013123996
5.504065502928273
-6.772848314324496
-3.3593750000000275
-23.936213823071267
2.5704809286898533
-4.82907188469728
8.280812324929943
-7.057703866960561
13.085080448561648
4.092451824633227
19.43403667915583
6.254385964912153
3.9564023343630774
21.543247039935626
20.168650793650645
16.67308803698695
17.396782322155303
20.575353374477253
-0.7619203670327365
9.600072385088538
20.527363184079448
18.59212845114534
19.57551826258623
20.551353503184572
18.406647116324386
17.87660568314504
1.704450041981401
17.99142801480602
17.94547224926958
6.47855133614615
52.93478260870379
43.279022403266275
41.834677419362386
21.923743500873037
49.680851063837764
49.04661016949945
46.868475991657085
50.96566523605953
46.25779625780405
48.105263157902606
46.868475991657085
43.279022403266275
51.29032258065321
51.94384449244869
54.615384615392834
51.29032258065321
46.25779625780405
50.320512820520825
46.868475991657085
53.60262008734441
84.63261648746078
108.13131313131943
114.63541666667314
115.53347280335377
114.8592283628845
80.90430201932065
111.76772867420992
114.18918918919567
59.72868217054747
102.00980392157473
108.34175935288799
103.40572556762709
110.90071647902377
118.96918172157942
110.25510204082269
111.1168032786949
111.1168032786949
107.71169354839338
78.24394463668358
98.5067437379636
24.592934813228844
5.470501263890821
12.53657667743818
10.434717471097855
2.9515828677839204
15.877174596520582
1.9148789086802638
42.20307375731456
14.865987949303907
8.476405376238546
17.312538128962025
35.9230461907249
-1.3802484001160111
10.722243084240777
15.372375114125406
16.850726552179587
6.176929540271219
5.525863714449265
1.8163401551600449
19.33194830423866
18.616581382126434
-0.36037209504271916
-15.836137420117907
29.148669752521922
22.40965462061609
41.9722535842987
18.616581382126434
68.33235531431086
58.52963525835866
-6.370804051366259
52.197701987962795
37.65877360046788
27.369224365200505
21.207119655636834
18.791572844682563
50.01389093167297
16.476335490419988
5.351650369554232
39.70565853955498
50.93145234219569
116.9490391306675
63.695939737259266
152.95769812910572
88.98033409883074
99.84590539824207
98.94094836049479
13.183690567618497
113.2055868272923
110.6485271378266
65.87504604428436
109.19695972539452
137.37864788484907
102.23425356470102
102.47420877775835
97.96434241055071
90.4209833908896
74.31880255489362
117.17282677133704
112.14536222780566
43.30304262503754
11.063627730294396
86.5495728616497
21.95196636652542
119.77312318045146
27.462632343782424
66.76210566341796
31.490325413057207
210.94797170687238
79.96175002198275
14.732922852684787
4.2535699933778925
79.96790409332726
-23.112363842039034
117.14470124312567
241.27164256533297
226.16692932905983
82.18402741717726
-4.142836326545483
-19.957479261090814
35.10611767380963
