0.00002
0.0000333
0.000031
0.000040
0.0000415
0.0041811
0.00431928
0.00448991
0.00458762
0.00468762
0.0005183251907176622
0.0005355079369873255
0.0005476795763383229
0.0005754198621759521
0.0006114198621759521
0.0000454879
0.0000474879
0.0000504879
0.0000524879
0.0000534879
0.0000954879
0.0001074879
0.000114879
0.0001224879
0.0001334879
0.0053879
0.0055343
0.00579674
0.00611987
0.0062524
0.0314879
0.05916343
0.089674
0.09920987
0.12422
0.0274879
0.0476343
0.0739674
0.0960987
0.12542
0.0211
0.021522
0.021822
0.022312
0.022762
0.256888173
0.262906073
0.241575585
0.367145721
0.239943815