0.00009
0.00011
0.00012
0.00013
0.000147
0.0030811
0.00391928
0.00438991
0.00498762
0.00548762
0.0022175176308428853
0.002263458850097265
0.0023326692646265142
0.00241536634427254
0.0023914595031303803
0.0014879
0.0016343
0.00189674
0.0020987
0.0022
0.0014879
0.0016343
0.00189674
0.0020987
0.0022
0.0014879
0.0016343
0.00189674
0.0020987
0.0022
0.0014879
0.0016343
0.00189674
0.0020987
0.0022
0.0014879
0.0016343
0.00189674
0.0020987
0.0022
0.0014879
0.0016343
0.00189674
0.0020987
0.0022
0.0014879
0.0016343
0.00189674
0.0020987
0.0022