0.0001011
0.000115
0.00012
0.000125
0.000137
0.0035811
0.00391928
0.00428991
0.00461762
0.00528762
0.0022175176308428853
0.002263458850097265
0.0023326692646265142
0.00241536634427254
0.0023914595031303803
0.00017554
0.0001794879
0.0001834879
0.0001894879
0.0001944879
0.00037154
0.0003824879
0.0003914879
0.0004094879
0.0004144879
0.0047179
0.0048343
0.00569674
0.0065987
0.0075242
0.0214879
0.0516343
0.07889674
0.1020987
0.1222
0.0114879
0.0356343
0.0719674
0.1020987
0.1422
0.0202
0.020722
0.021522
0.022312
0.022962
5.952181776889997
5.954668760339998
5.955727807669998
5.96168760339998
5.9367727807669998