1.8178558
0.0338114
0.0077682
0.0077793
0.0158214
0.0167439
0.0092907
0.0217877
0.0080226
0.0283558
0.0079275
0.0168821
0.0078835
0.0081041
0.0103219
0.0168493
0.0052132
0.0177257
0.2176728
0.0095150
0.0175913
0.0247354
0.0075740
0.1147415
0.0400860
0.0136562
0.0103534
0.0233970
0.007027
0.0102497
0.0128653
0.0128441
0.007952
0.0148033
0.0330707
0.0277272
0.0161712
0.0056554
0.0090072
0.0141915
0.1947406
0.0219107
0.0108433
0.012560
0.0074439
0.00680
0.0149062
0.0183004
0.0131066
0.2412966
0.0193946
0.0040300
0.0041848
0.0261947
0.005655
0.0037218
0.0041185
0.0038510
0.0037391
0.0048583
0.0042918
0.003739
0.0041030
0.0096683
0.005222
0.0050600
0.0038905
0.0048570
0.0041497
0.0134666
0.0042794
0.0039055
0.0036097
0.0038657
0.0037014
0.0039565
0.0035764
0.0044391
0.0039592
0.0042822
0.0044539
0.0048675
0.0043227
0.0039544
0.0044009
0.0039577
0.0043695
0.004250
0.0037538
0.0038235
0.0042024
0.0048671
0.0042997
0.0107121
0.0036645
0.0035451
0.0050327
0.0044169
0.0040274
0.0042551
0.004234
0.0147089
0.0043471
0.0069589
0.0038974
0.0168290
0.0048786
0.0042467
0.0045571
0.0046884
0.0042601
0.0052993
0.0041995
0.0048461
0.0045672
0.0045391
0.0041118
0.0040465
0.0052810
0.0043085
0.0033864
0.0045163
0.0079658
0.0044691
0.0048942
0.0048520
0.0045564
0.0045114
0.0040219
0.0043650
0.004129
0.0042069
0.0053258
0.0045074
0.0045560
0.0041818
0.0042816
0.0047274
0.0044951
0.0045640
0.003823
0.0045168
0.0049420
0.0046149
0.0042544
0.0043476
0.0047181
0.0042679
0.0045264
0.0041475
0.0037574
0.0040522
0.0048611
0.0045595
