0.0000320
0.0000319
0.0000316
0.0000338
0.0000333
0.0000305
0.0000312
0.0000353
0.0002045
0.0000304
0.0000321
0.0000351
0.0000305
0.0000348
0.0000322
0.0000331
0.0000315
0.0000308
0.0000301
0.0001121
0.0000314
0.0000310
0.0000310
0.0000314
0.0000325
0.0000308
0.000032
0.0000312
0.0000314
0.0000322
0.0000298
0.0000302
0.0000313
0.0000325
0.0000320
0.0000315
0.0000314
0.0000306
0.0000312
0.0000327
0.0000307
0.0000316
0.0000313
0.0000301
0.0000315
0.0000302
0.0000343
0.0000315
0.0000316
0.0000567
0.0000496
0.0000525
0.000089
0.0000486
0.0000834
0.000052
0.0000498
0.0000687
0.0000497
0.0000518
0.0000525
0.0000487
0.0000496
0.0000467
0.0000494
0.0000498
0.0000642
0.0000493
0.0000488
0.0000511
0.0000532
0.0000512
0.0000509
0.000049
0.0000485
0.0000878
0.0000548
0.0000484
0.0000515
0.0000518
0.0000506
0.0000634
0.0000664
0.0000487
0.0000481
0.0000510
0.000052
0.0000868
0.0000496
0.0000492
0.0000494
0.0000487
0.0000522
0.0000489
0.0000534
0.0000507
0.0005517
0.0004843
0.0005516
0.0005307
0.0005988
0.0004747
0.0004897
0.0004749
0.0004787
0.0006257
0.0004858
0.0004969
0.0006662
0.0004768
0.0004727
0.0005725
0.0004730
0.0005505
0.0004712
0.0004796
0.0004864
0.0004799
0.0005343
0.0005028
0.0004928
0.0004743
0.0004799
0.0004843
0.0004683
0.0004880
0.0004745
0.0004724
0.0004740
0.0004749
0.0005443
0.0004802
0.0004737
0.0004783
0.0004945
0.0004784
0.0013068
0.0005004
0.0007879
0.0004816
0.0004747
0.0006608
0.0004945
0.0005280
0.0004754
0.000606
1.9428
1.9417
1.9366
2.432
1.9522
1.9443
1.9573
1.9135
1.9501
1.9600
1.5599
1.9513
1.9350
1.9454
1.9400
1.9528
1.9483
1.9416
1.9606
2.324
1.9180
1.8976
2.0058
2.453
2.0031
1.9696
1.9553
1.9501
2.380
1.9436
1.9521
1.8923
2.1208
2.3067
2.2007
1.9066
2.639
3.701
2.0952
2.1788
1.7104
2.1829
2.0845
2.385
1.9528
1.9326
1.9610
1.9554
1.9809
