0.0000318
0.0000300
0.0000317
0.0000303
0.0000290
0.0000305
0.0000303
0.0000300
0.0000304
0.000029
0.0000308
0.0000300
0.0000308
0.0000317
0.0000292
0.0000307
0.0000314
0.000030
0.0000322
0.0000296
0.0000306
0.0000293
0.000030
0.0000297
0.0000296
0.0000315
0.0000298
0.0000291
0.0000298
0.0000308
0.0000291
0.0000326
0.0000324
0.0000309
0.0000346
0.0000298
0.0000309
0.0001418
0.0000303
0.0000296
0.0000299
0.0000291
0.0000713
0.0000295
0.0000317
0.0000300
0.0000302
0.0000303
0.0000298
0.0000301
0.0000323
0.0000303
0.0000312
0.0000310
0.000031
0.0000308
0.0000310
0.0000305
0.0000305
0.0000308
0.0000303
0.0000298
0.0000300
0.0000310
0.00003
0.0000303
0.0000313
0.0000310
0.0000307
0.0000310
0.0000308
0.0000319
0.0000429
0.0000438
0.0000325
0.0000298
0.0000381
0.0000291
0.0000310
0.0000310
0.0000308
0.0000301
0.0000324
0.0000307
0.0000305
0.0000441
0.0000291
0.0000298
0.0000305
0.0000293
0.0000317
0.0000712
0.0000308
0.0000290
0.0000317
0.0000324
0.0000308
0.000031
0.0000295
0.0000304