1648624,35506,4,5.86,3,0,12,90.1,517.56,533.2
1718366,41602,8,6.66,3,0,11,84.4,564.47,535.42
1733487,42219,10,6.79,5,0,11,77.74,561.01,630.78
78879568,2536236,34,228.88,9,0,4851,94.36,527.29,567.19
1738011,41212,10,6.98,3,0,11,86.98,565.19,601.67
1744735,40949,12,6.69,6,0,11,88.82,534.09,583.46
75913192,2424061,33,225.26,4,0,4645,83.18,524.92,625.01
1735620,41115,8,6.67,5,0,11,83.24,528.27,576.18
1739204,41544,11,6.97,2,0,13,83.8,584.38,550.1
1738979,41368,10,6.55,4,0,13,92.79,549.59,616.46
1766612,45979,13,9.14,3,0,11,81.0,601.24,583.7
1745090,42019,13,7.02,4,0,11,77.71,502.85,552.16
1769040,45428,10,9.27,2,0,13,83.57,507.87,607.35
1741359,41326,10,6.53,2,0,11,80.03,553.86,565.37
1746197,41393,11,6.76,6,0,11,89.14,594.64,576.3
1764030,42132,10,7.26,8,0,11,83.18,552.89,610.52
1753420,42732,15,7.01,5,0,11,91.18,552.86,561.28
1767484,44028,11,8.33,3,0,13,77.77,536.27,573.03
1743451,41317,10,6.65,3,0,11,86.59,501.24,599.74
1794497,41715,13,7.24,4,0,11,84.62,544.07,589.45
1741920,40632,11,7.25,3,0,11,85.65,602.53,577.23
1774474,42235,16,7.17,6,0,11,82.07,529.56,564.93
1728840,40918,10,6.66,3,0,11,82.09,553.94,543.24
1740620,42231,11,7.12,2,0,11,88.42,528.11,627.6
1738759,42043,12,6.54,6,0,11,93.51,517.98,606.36
1724080,40558,8,6.24,3,0,11,92.98,518.68,552.59
1735201,41299,10,6.58,3,0,11,87.99,574.94,632.28
1764818,43715,16,7.82,3,0,11,93.41,581.35,543.58
1754690,42784,11,6.61,5,0,13,86.53,592.78,582.68
1773696,44675,11,7.91,1,0,13,91.03,578.12,627.88
1747173,41364,9,6.23,2,0,13,79.21,554.37,550.26
1744189,43043,11,7.26,3,0,11,83.98,542.0,617.4
1757299,43774,10,7.01,2,0,13,79.22,592.86,585.84
1751417,44210,16,7.50,5,0,11,93.87,523.82,531.12
1743724,42156,10,6.39,5,0,11,80.05,593.2,547.32
1743515,42607,9,7.15,2,0,13,83.88,500.78,580.32
1768209,42216,12,7.12,3,0,11,94.2,518.02,593.52
1734471,41237,10,6.58,4,0,11,87.45,575.57,631.43
1758523,42753,10,6.64,3,0,13,83.92,542.38,621.6
1744389,41445,10,6.22,2,0,11,83.69,606.72,606.11
1764304,44782,11,7.26,3,0,13,87.34,597.12,593.84
1738983,41400,10,6.34,1,0,11,80.1,572.07,536.64
1761857,43583,11,7.28,0,0,11,93.92,604.81,591.71
1749814,41975,9,6.73,0,0,11,81.81,587.91,531.74
1746102,42179,12,6.82,0,0,11,86.25,548.28,602.75
1743626,42387,12,7.41,2,0,11,91.01,571.27,620.61
1756790,42058,15,6.50,4,0,11,87.88,528.72,567.06
1771090,44344,12,7.94,2,0,11,82.33,607.52,606.05
1742105,41469,9,6.30,4,0,11,91.2,527.56,637.61
1746925,42526,12,6.41,5,0,11,88.75,584.44,544.32
1823597,46149,19,8.95,4,0,11,89.61,502.12,556.9
1746360,43276,10,7.17,2,0,11,86.65,560.87,586.62
1742136,43908,9,7.21,2,0,11,93.97,586.2,583.24
1745489,46060,7,8.07,3,0,11,82.47,531.77,629.48
1756311,42133,9,6.61,3,0,13,86.08,584.94,616.66
1782326,45529,12,7.18,7,0,11,86.55,515.77,634.03
1742775,42480,9,6.96,5,0,11,85.85,586.86,586.23
1739810,42734,11,6.59,1,0,11,91.76,534.79,614.2
1749195,42255,12,6.91,1,0,11,91.0,589.36,580.1
1749335,42182,10,7.24,6,0,11,78.49,502.36,565.86
1797428,42154,12,6.61,2,0,11,85.89,549.66,639.34
1767709,44447,11,9.71,1,0,11,86.19,535.7,640.17
1728762,41566,9,7.15,5,0,11,79.42,584.56,540.12
1757367,44434,12,6.83,2,0,11,81.2,502.44,536.02
1752005,42468,12,6.41,4,0,11,89.91,522.98,557.48
1737252,41909,13,6.42,4,0,11,94.12,531.49,528.76
1742658,41167,9,6.22,4,0,11,82.77,506.09,575.85
1753296,43673,14,7.02,4,0,11,77.92,530.46,573.82
1736812,42978,10,6.58,4,0,11,85.39,547.58,540.05
1735584,42049,13,6.86,3,0,11,93.09,607.56,545.81
1755917,43353,10,7.15,3,0,13,90.55,517.22,577.94
1738420,43807,11,7.03,3,0,11,82.57,565.21,573.58
1754075,44164,9,6.97,3,0,13,82.5,576.67,603.33
1743403,45333,15,8.21,1,0,11,93.87,541.79,612.26
1750449,42574,9,6.85,6,0,11,89.81,502.24,605.14
1750150,43641,10,6.50,2,0,11,86.37,537.39,623.94
1750417,41799,9,6.28,2,0,13,79.76,542.42,623.56
1751569,42585,10,6.06,2,0,13,84.58,583.79,585.67
1735963,41139,10,6.17,4,0,11,89.07,546.81,619.44
1749504,43351,8,6.57,5,0,13,92.19,518.95,602.24
1740570,41912,11,6.27,2,0,13,88.22,511.82,630.68
1740782,42038,9,6.66,2,0,13,86.93,525.65,566.31
1744914,42895,10,6.73,4,0,11,86.23,521.61,579.79
1736934,41496,8,6.31,1,0,11,82.51,587.57,535.46
1757018,43736,11,6.50,3,0,11,82.62,584.11,637.98
1739158,42028,10,7.06,5,0,11,94.45,586.32,620.01
1745474,41971,9,6.34,2,0,11,82.17,585.44,558.61
96971185,3167081,46,282.69,10,0,6367,88.97,605.79,623.02
1733526,41278,9,6.60,4,0,11,89.24,515.42,542.83
1738667,41534,14,6.30,3,0,11,89.16,527.94,612.89
1784609,46167,10,7.80,3,0,11,94.41,524.07,565.2
1747756,42197,11,6.41,1,0,11,92.61,582.33,590.86
1753836,42624,13,6.73,1,0,11,92.91,539.02,535.18
1752646,42577,11,6.51,3,0,11,90.98,574.29,531.69
1769502,44680,14,7.18,3,0,13,80.26,540.33,591.61
1783832,43163,17,7.22,2,0,11,89.39,519.33,613.15
1863310,43156,14,7.28,6,0,13,90.25,563.85,592.12
1743413,41861,9,6.19,4,0,11,83.37,523.51,526.83
1741281,42038,11,6.37,6,0,11,87.37,565.94,561.69
1758820,43612,9,7.35,4,0,13,77.7,499.36,526.98
27583961,537994,87,83.82,11,0,698,65.36,1472.02,1210.68
2644445,83787,23,12.37,8,0,18,63.06,1323.01,1238.83
2629724,75633,18,12.46,2,0,17,68.97,1420.12,1294.08
2617694,79132,19,11.06,2,0,18,65.09,1362.79,1222.52
2622895,81436,21,11.43,2,0,17,62.76,1293.56,1173.21
2602255,81380,20,11.49,4,0,17,74.47,1341.64,1302.63
2633614,81099,22,14.39,6,0,17,69.62,1285.99,1336.48
2626449,82375,21,11.12,3,0,18,65.05,1451.31,1175.02
2631052,81563,24,11.74,4,0,17,62.65,1448.05,1331.12
2610585,81152,20,11.35,1,0,17,70.15,1263.11,1185.31
2632508,81571,25,11.23,2,0,18,75.12,1267.48,1288.88
2653417,83134,24,12.46,6,0,18,64.48,1414.99,1182.76
2632273,79736,22,11.83,1,0,17,71.86,1289.15,1135.72
2679116,80496,28,12.11,4,0,18,62.04,1299.83,1354.23
2590608,78934,19,11.54,7,0,17,71.61,1388.84,1353.66
2637021,80595,27,12.34,5,0,18,68.85,1315.4,1303.65
2634874,81706,20,11.87,5,0,18,64.83,1248.12,1328.16
2648791,79350,29,11.80,4,0,17,64.17,1259.25,1195.65
2626618,81578,21,13.69,5,0,18,72.54,1293.42,1145.85
2651273,78599,21,13.57,4,0,18,73.59,1253.54,1153.32
2619049,77598,20,11.14,3,0,18,61.6,1338.97,1311.34
2618331,75025,24,11.35,4,0,18,72.49,1339.37,1251.77
2607497,78394,20,11.92,3,0,17,66.05,1349.99,1239.43
2600076,76693,19,12.71,7,0,17,74.07,1427.91,1163.14
2614586,75639,21,11.34,6,0,18,67.42,1330.54,1140.33
2620852,79623,20,12.38,3,0,18,73.71,1399.51,1150.55
2630513,79926,20,11.15,6,0,18,63.69,1510.23,1213.9
2649657,81673,25,12.94,6,0,18,66.78,1336.13,1284.53
2599736,79405,22,11.37,4,0,18,64.85,1478.15,1376.46
2620769,82853,21,11.78,1,0,17,69.77,1450.01,1201.8
2635276,77739,19,12.35,4,0,17,70.15,1511.88,1374.52
2599206,76264,18,11.09,3,0,17,72.57,1324.17,1206.65
2616861,77620,19,11.60,7,0,17,66.63,1360.67,1286.55
2623498,83141,23,12.43,5,0,18,74.5,1420.76,1320.63
2629533,81212,24,11.54,3,0,17,67.16,1423.54,1308.28
2647376,82657,22,12.42,7,0,17,64.58,1292.52,1201.81
2633632,81740,21,13.68,10,0,18,68.44,1240.54,1174.4
2614823,76588,17,10.80,0,0,18,68.58,1248.22,1357.47
2643167,86233,26,14.28,3,0,18,71.44,1278.76,1295.78
2619419,79344,22,11.62,2,0,17,73.01,1427.06,1185.11
2643794,81173,19,12.56,7,0,18,71.05,1427.14,1374.2
2628586,79787,21,11.11,3,0,17,63.65,1264.22,1324.15
2680295,82608,21,13.01,6,0,18,63.41,1451.41,1222.42
2625526,82395,21,11.40,3,0,18,68.91,1243.52,1183.62
2636075,80826,21,11.93,6,0,18,66.79,1316.44,1204.99
2611636,79726,21,11.51,1,0,18,63.58,1510.87,1320.16
2642223,81269,22,12.11,5,0,18,69.02,1441.69,1292.28
2604350,79215,26,11.02,3,0,17,67.71,1445.3,1348.46
2630272,81817,22,11.12,4,0,18,64.83,1406.05,1379.34
2603819,78677,18,10.94,3,0,18,72.32,1271.47,1176.03
2607872,75952,19,10.72,5,0,18,73.36,1485.42,1231.56
2627986,82745,19,11.49,3,0,17,61.93,1409.1,1182.9
2623292,75870,22,11.40,9,0,17,71.43,1474.85,1252.59
2614422,80793,20,11.05,1,0,17,69.08,1409.92,1352.72
2599540,80321,21,11.65,3,0,17,69.17,1352.22,1286.72
2615232,80620,24,11.80,3,0,18,70.11,1388.28,1364.37
2618023,73717,19,11.38,6,0,17,73.35,1348.42,1274.69
2623517,80097,18,11.75,3,0,17,72.69,1291.36,1279.14
2627444,78707,20,12.39,4,0,18,63.17,1332.98,1161.05
2629988,82029,19,12.02,6,0,18,71.59,1243.26,1311.14
2638526,79178,30,11.08,3,0,17,61.87,1484.91,1335.81
2615343,79593,20,10.73,8,0,18,64.3,1350.0,1171.56
2623049,79243,24,11.21,3,0,17,70.19,1338.83,1290.2
2624489,77727,20,11.34,4,0,18,72.3,1257.05,1231.72
2631461,78689,23,11.31,2,0,18,73.99,1508.92,1161.59
2627227,78546,22,11.05,4,0,17,73.38,1426.91,1245.28
2679002,82651,25,12.42,2,0,17,66.5,1433.49,1354.46
2601164,81023,21,11.29,7,0,17,65.09,1483.23,1371.99
2610913,79974,18,11.53,5,0,18,67.07,1329.77,1326.72
2619033,81875,20,11.55,5,0,17,71.47,1265.1,1291.11
2634439,83217,22,11.50,5,0,18,63.06,1457.28,1257.36
2629699,79245,21,15.30,2,0,18,63.07,1313.27,1281.22
2594760,77944,18,11.95,4,0,17,63.22,1374.45,1383.53
2604005,79876,18,11.43,4,0,18,68.74,1290.42,1307.76
2670227,83657,23,12.30,5,0,17,66.83,1413.86,1233.05
2610033,79519,20,10.82,6,0,18,63.61,1333.75,1290.99
2636926,78558,20,12.33,6,0,17,63.78,1496.38,1290.48
2623460,79026,19,11.57,7,0,18,70.31,1280.37,1311.06
2639327,82909,20,12.52,5,0,17,75.21,1256.36,1204.25
2609416,75608,20,11.09,6,0,18,74.29,1393.64,1377.85
2628963,82509,19,11.17,2,0,18,72.89,1427.98,1362.13
2630948,79582,22,11.95,9,0,18,70.7,1290.05,1161.53
2640490,83283,20,12.43,5,0,18,71.21,1446.29,1307.98
2624048,82618,20,11.90,1,0,18,63.1,1446.9,1157.79
2608706,79601,19,11.41,5,0,18,68.89,1261.39,1222.59
2626467,82275,20,11.79,6,0,17,74.38,1273.74,1327.62
2611966,81358,20,11.91,3,0,17,74.44,1366.56,1233.32
2693246,84534,27,12.54,3,0,18,73.25,1271.94,1359.3
2630826,77541,22,13.01,2,0,17,73.18,1380.86,1352.95
2612680,77962,18,12.42,3,0,18,63.24,1440.81,1189.92
2629335,78197,18,11.86,6,0,18,68.39,1319.91,1206.3
2635230,82556,22,12.50,3,0,18,74.48,1462.7,1373.39
2645874,82060,24,12.76,5,0,17,66.88,1361.72,1362.1
2607637,79307,25,11.08,4,0,18,67.49,1416.73,1300.94
2607847,79642,21,12.66,7,0,18,71.17,1482.27,1323.23
2628331,81642,20,12.23,7,0,18,61.65,1259.76,1327.65
2632373,81098,16,12.21,4,0,17,73.39,1280.9,1305.48
2619441,77433,17,10.79,4,0,18,72.14,1314.61,1214.77
2605902,79539,23,11.17,0,0,18,65.03,1333.22,1211.42
2607872,75952,19,10.72,5,0,18,63.86,1362.26,1162.78
1797829,44797,5,6.30,2,0,14,73.52,1494.76,1351.17
1819201,47506,11,6.64,5,0,13,49.08,984.15,347.19
1820502,46937,14,6.42,5,0,12,43.13,1099.06,402.49
1816425,46775,9,7.41,5,0,13,47.36,1043.15,390.05
1811980,45935,9,6.75,4,0,13,46.06,1188.76,350.59
1796943,45294,7,6.23,5,0,13,41.2,1010.84,352.5
1816559,46306,12,6.75,4,0,13,42.24,1061.8,373.52
1805299,46429,10,6.97,5,0,12,45.87,1083.07,368.78
71244100,2293281,33,210.43,5,0,4226,48.44,1056.08,348.86
1808844,45672,12,6.53,1,0,13,40.95,1172.56,391.53
1799928,45552,9,6.37,3,0,12,40.59,1132.92,367.85
1805139,45859,8,6.31,2,0,12,42.71,1171.03,358.77
1813648,48891,9,7.63,3,0,14,45.95,1076.21,385.93
1810041,46049,11,6.52,3,0,14,47.78,1095.68,346.47
1794131,45659,8,6.34,3,0,14,43.94,1047.14,403.26
1810396,46665,8,7.25,2,0,13,46.19,1061.19,359.48
1809794,46720,10,6.59,6,0,13,43.39,1011.85,370.73
1828624,47620,15,6.64,4,0,15,42.91,1017.16,363.76
1833830,47701,16,7.88,5,0,13,41.43,1185.14,390.84
1788914,45383,9,6.70,3,0,13,41.37,1069.67,403.94
1835011,48437,13,7.21,1,0,15,45.92,1014.91,346.68
1818992,46574,10,7.37,3,0,14,47.14,980.18,381.36
1784702,44597,8,6.31,3,0,12,47.41,1078.73,355.14
1795381,44370,9,7.83,3,0,13,40.87,1026.17,403.99
1795739,45675,10,7.17,4,0,12,40.82,1075.14,414.24
1815726,45311,10,7.18,2,0,15,44.46,1144.68,343.23
1798597,44106,8,6.46,4,0,12,46.19,1028.04,357.01
1806381,44772,12,6.50,4,0,12,49.47,1035.72,398.33
1785660,45214,10,6.85,3,0,12,49.45,1100.6,370.86
1851455,44525,16,7.36,4,0,12,43.52,1007.97,415.3
1779185,43615,10,6.44,4,0,13,48.88,1085.87,400.81
1856667,49627,13,8.75,4,0,15,44.91,1067.13,360.63
1806337,45527,10,6.73,5,0,13,42.0,1161.45,377.57
1824228,47460,17,7.79,5,0,15,47.3,1093.31,360.82
1794910,44164,10,6.95,3,0,13,48.65,1055.6,409.18
1794619,43873,11,6.78,6,0,12,41.33,1026.33,374.74
1807328,46508,13,7.01,1,0,13,42.57,1001.81,411.03
1827895,47375,9,7.53,5,0,16,46.58,1114.16,347.69
1806547,45542,15,6.91,4,0,12,47.36,1123.12,412.21
1786237,46009,14,6.90,2,0,12,42.56,1030.53,386.03
1808880,46186,8,7.67,4,0,13,48.8,1064.1,369.69
1807051,45162,11,7.44,2,0,13,48.66,1016.7,345.37
1790385,44166,12,7.09,1,0,13,48.0,1020.49,359.43
1804883,44365,10,7.03,5,0,13,46.28,1159.92,414.77
1803255,45093,10,7.27,3,0,13,42.96,1074.05,398.5
1808542,47602,10,8.52,2,0,14,47.25,982.44,387.13
1795311,45008,10,7.03,3,0,13,40.98,1016.14,360.13
1812495,45732,8,7.51,1,0,13,48.55,1042.42,343.12
1792398,45025,12,7.55,3,0,13,46.58,1107.75,405.7
1795513,43767,9,6.62,3,0,12,44.43,1098.8,363.15
1794851,44845,10,6.43,1,0,13,42.2,1161.81,408.65
1800994,46587,16,7.52,2,0,13,46.25,1068.97,372.05
1796637,44606,14,6.48,7,0,12,44.27,1099.38,361.19
1810601,45992,9,7.81,5,0,13,45.06,1035.45,414.69
1806176,46605,11,8.08,2,0,14,45.69,993.81,402.07
1822611,48358,15,6.94,5,0,14,43.0,977.93,400.21
1798189,44426,10,6.88,5,0,13,45.77,1148.51,414.01
1781159,43749,9,6.93,1,0,13,48.99,1181.34,354.46
1811821,45174,7,6.80,5,0,15,43.28,1096.56,387.55
1797356,44960,10,6.70,3,0,12,41.78,1015.71,379.31
1820864,47298,9,8.61,7,0,15,49.39,1032.39,399.97
1789868,44321,10,6.62,4,0,15,48.36,1161.96,389.16
1787360,43736,10,6.41,4,0,12,45.01,1161.98,393.29
1790838,43904,11,7.24,2,0,12,48.07,1006.64,412.34
1803043,45913,9,6.87,2,0,13,46.77,1120.75,397.89
1800118,44346,10,6.55,4,0,13,42.58,1112.42,410.24
1817951,46212,15,7.05,3,0,15,44.47,1031.14,361.88
1802933,45301,11,7.02,5,0,13,42.68,1074.14,363.31
1815482,47125,12,7.67,6,0,13,43.5,1108.19,402.35
1808298,45756,12,7.97,3,0,13,44.56,990.72,405.67
1814984,46324,16,7.00,5,0,13,48.31,1181.03,371.89
1799240,44320,10,6.65,4,0,12,48.14,1094.01,372.28
1783443,42270,8,6.60,7,0,13,40.75,1143.23,358.75
1807954,45478,9,7.54,3,0,14,43.13,1085.17,355.1
1795135,43745,10,6.83,2,0,13,45.18,1053.45,391.09
1793754,43770,9,7.30,4,0,13,49.41,1012.52,416.9
1793268,43949,10,6.58,2,0,13,48.02,1112.79,372.24
1800242,45608,11,7.88,2,0,12,41.54,1116.29,382.45
1810720,45959,10,7.35,1,0,12,46.24,1097.71,384.03
1806494,44627,9,6.75,1,0,15,41.6,1098.49,380.36
1883536,45655,14,7.31,5,0,13,45.82,1014.67,359.57
1808646,45483,9,6.77,3,0,12,43.7,1157.88,380.34
1810524,45775,10,7.05,1,0,14,43.66,999.17,358.71
1811331,45757,13,7.03,2,0,13,46.0,1157.87,366.33
1803886,46469,12,7.94,3,0,12,41.12,1105.56,358.21
1796805,43804,13,6.84,3,0,13,42.31,1177.56,390.16
1796987,44029,10,6.88,3,0,13,49.42,983.55,345.2
1798187,43941,14,6.39,4,0,13,46.07,1036.02,363.66
1803877,45595,9,6.76,2,0,13,43.67,1075.42,365.94
1805404,45020,10,7.59,6,0,13,42.22,1098.32,380.29
1794893,44743,10,6.48,3,0,13,44.68,988.11,407.07
1784809,43659,9,6.84,6,0,12,44.25,1066.29,352.01
1809037,44296,9,6.85,2,0,15,48.44,1047.92,403.2
1796984,44758,8,6.48,4,0,13,47.55,1145.74,359.08
1796145,44841,9,6.80,4,0,13,46.25,1140.91,369.7
1786881,45111,12,6.62,3,0,12,45.01,1077.13,403.14
1795636,45049,8,6.72,6,0,14,42.25,1008.39,390.4
1802577,45040,14,6.90,6,0,13,48.01,1049.12,367.18
1821688,45604,16,6.89,2,0,15,48.39,1126.2,357.61
1794851,44845,10,6.43,1,0,13,43.99,1043.0,385.99
1647583,38143,5,5.77,2,0,10,45.54,1062.82,356.9
1730644,44726,8,6.47,3,0,10,42.98,988.15,410.79
1739321,44784,10,6.46,3,0,10,57.28,1596.03,628.69
1721825,44244,10,6.72,7,0,10,60.56,1658.26,545.32
1737695,44226,9,6.49,5,0,10,63.23,1720.97,568.17
1729932,43204,8,6.11,4,0,10,61.58,1804.08,603.03
1749320,46909,11,6.63,1,0,12,56.2,1630.81,639.99
1739430,44270,10,7.34,4,0,12,64.14,1580.87,575.08
1730583,45737,10,7.02,2,0,10,63.04,1832.49,613.65
1719784,43894,9,6.07,5,0,10,64.63,1727.42,604.93
1731043,43468,11,6.35,5,0,10,62.2,1604.43,632.03
1739511,44567,8,6.35,5,0,12,57.4,1822.46,614.17
1755339,46732,11,8.11,3,0,10,63.9,1696.14,592.68
1731948,43553,8,6.34,3,0,10,55.95,1535.39,527.62
1756280,44678,10,7.03,4,0,12,64.73,1803.56,592.68
1712825,41864,9,6.42,5,0,10,67.09,1556.79,601.72
1747109,44790,12,6.55,4,0,12,65.67,1637.29,635.39
1710418,42687,9,6.30,4,0,10,66.68,1797.55,525.91
1716682,42986,12,6.33,7,0,10,56.95,1708.63,527.47
1732852,43445,11,6.38,4,0,10,58.25,1525.5,546.0
1714869,43845,8,6.17,2,0,10,65.61,1673.61,595.99
1730968,42615,8,6.37,7,0,12,59.37,1841.6,605.63
1735658,43512,11,6.44,3,0,12,61.17,1571.89,619.77
1737701,44149,11,7.36,3,0,10,58.73,1755.31,596.13
1723413,42725,11,6.74,4,0,10,58.7,1801.11,592.68
1739882,43326,10,6.60,5,0,12,58.59,1757.56,599.82
1730647,43453,10,6.99,2,0,10,55.93,1782.03,541.0
1709420,42900,8,6.66,6,0,10,61.4,1734.69,581.51
1725664,43069,11,7.25,3,0,10,65.36,1552.28,547.76
94436313,3092600,38,278.73,12,0,6117,57.26,1587.21,598.9
1710791,41883,10,7.20,5,0,10,58.04,1708.95,537.68
1771948,45523,17,8.46,5,0,10,62.75,1831.59,566.26
1740678,44758,15,7.02,1,0,10,58.65,1826.54,576.34
1716666,43059,8,6.99,2,0,10,60.2,1779.41,595.98
1716328,43115,9,6.47,7,0,10,67.24,1804.72,529.36
1723614,43208,9,6.68,6,0,10,58.43,1716.09,575.37
1706468,41520,10,7.24,6,0,10,67.41,1569.88,564.28
1701598,42416,11,6.65,2,0,10,64.09,1742.65,533.7
1709761,41404,9,6.69,5,0,10,56.24,1713.5,606.92
1738479,44063,9,7.11,4,0,12,64.04,1776.63,637.6
1724453,42812,8,6.71,0,0,10,57.57,1619.6,539.93
1726698,44284,10,6.68,4,0,10,56.74,1636.17,530.92
1713292,41800,13,6.19,4,0,10,64.61,1842.66,571.84
1709447,42485,13,6.56,4,0,10,64.94,1649.95,588.66
1725811,41737,12,6.47,4,0,10,64.59,1637.75,621.05
1738276,45511,11,7.57,6,0,10,62.71,1775.23,637.73
1706015,41703,10,6.13,5,0,10,61.24,1747.65,584.16
1716152,41960,9,6.44,0,0,10,68.03,1656.19,534.12
1714541,41998,10,6.64,3,0,10,66.68,1785.92,571.84
1728046,43772,11,7.95,3,0,12,63.91,1741.39,581.96
1725095,42779,11,7.00,2,0,10,57.58,1702.59,583.33
1738961,43417,11,7.17,4,0,10,66.99,1572.99,597.55
1732291,43637,12,7.21,5,0,10,67.49,1800.74,543.09
1737542,43532,15,6.93,6,0,10,63.21,1675.79,609.22
1708854,42472,10,6.18,4,0,10,56.73,1715.76,630.79
1742871,42438,15,6.54,3,0,12,61.25,1769.55,635.45
1736915,42540,11,6.88,3,0,12,64.26,1637.9,588.08
1715621,43038,10,6.11,3,0,10,58.26,1554.35,578.69
1728311,42501,11,7.02,6,0,12,61.44,1532.22,624.27
1719568,42159,8,6.56,4,0,10,66.99,1516.42,567.5
1706589,44271,9,8.76,5,0,10,63.31,1834.52,632.34
1765775,44722,13,8.17,2,0,10,61.89,1809.65,565.74
1747305,44692,10,6.74,5,0,10,61.33,1796.73,596.27
1702723,41402,10,6.21,3,0,10,65.11,1741.64,553.43
1711173,42444,8,6.52,3,0,10,59.61,1638.71,574.42
1743060,44050,14,8.33,6,0,10,58.93,1583.08,555.45
1740497,43261,13,7.34,5,0,10,58.94,1833.98,610.24
1702003,42408,9,6.80,1,0,10,60.25,1621.23,583.16
1714951,42160,10,6.47,9,0,10,56.32,1573.26,537.06
1730361,43572,11,7.69,2,0,10,60.11,1675.55,588.68
1712979,42254,12,6.49,2,0,10,63.14,1776.63,553.14
1719265,42442,15,6.30,4,0,10,60.73,1813.88,541.08
1728341,42531,12,6.48,4,0,12,58.66,1756.45,541.44
1718026,43797,10,7.98,3,0,10,59.24,1514.51,634.13
1719128,42913,9,6.88,5,0,10,64.37,1846.1,536.65
1716317,42245,9,6.46,6,0,12,67.84,1771.27,541.23
1716738,41980,13,6.66,3,0,10,61.39,1539.73,563.1
1730288,42844,10,6.75,6,0,10,64.5,1646.49,528.71
1731929,43126,10,6.50,7,0,12,63.96,1632.94,585.75
1722808,43273,14,6.94,3,0,10,59.15,1795.19,601.87
1716536,43262,9,7.23,7,0,10,60.76,1614.84,583.95
1745260,43472,11,6.51,6,0,10,64.51,1701.05,564.05
1706937,41032,8,6.33,4,0,10,64.59,1831.5,593.36
1727000,42918,11,6.74,5,0,10,57.13,1515.94,531.05
1709703,41392,8,6.46,3,0,10,68.3,1690.2,640.97
1716335,42532,11,6.85,3,0,10,59.08,1788.39,542.85
1748116,45255,14,7.23,4,0,10,58.61,1818.08,615.44
1708404,40949,10,6.03,2,0,10,56.2,1601.99,558.22
1724838,42638,11,6.71,3,0,10,58.65,1740.99,560.56
1715796,43065,9,6.54,2,0,10,60.37,1613.99,623.59
1723803,42523,10,6.46,4,0,10,57.37,1682.46,548.47
1718338,42771,8,6.26,4,0,10,56.66,1823.64,568.87
1730125,43809,12,7.05,3,0,10,57.07,1746.99,530.42
1744241,45608,9,9.37,3,0,12,56.49,1628.53,551.35
1725923,42970,9,8.48,3,0,10,63.43,1832.65,628.53
1743181,41615,16,6.69,5,0,10,64.82,1536.47,532.98
1724308,46129,13,8.58,3,0,10,66.1,1517.22,568.02
1726167,42304,8,6.65,5,0,10,62.03,1832.31,599.42
1729566,42288,9,7.08,5,0,10,67.42,1782.73,607.45
1725095,42779,11,7.00,2,0,10,61.51,1746.79,621.94
1654160,39085,3,5.24,1,0,10,64.03,1697.5,543.24
1697345,41178,10,6.37,5,0,10,64.93,1580.18,541.9
1732009,45163,16,7.86,2,0,12,66.79,1570.47,554.6
1670477,40697,7,6.35,5,0,10,69.66,1463.28,670.05
1675631,40972,10,5.93,4,0,10,59.85,1418.79,649.64
1670947,39247,15,6.10,1,0,10,63.84,1430.98,641.32
1646770,39845,8,6.08,5,0,10,61.67,1400.03,661.08
1663490,41192,9,6.07,5,0,12,66.23,1654.43,632.51
1676018,40871,10,6.64,6,0,10,59.65,1534.59,680.35
32561506,1002680,32,96.98,6,0,1596,63.54,1704.34,733.09
1670046,41301,13,7.55,2,0,10,66.19,1688.13,684.77
1658086,41892,9,6.71,3,0,10,62.07,1674.29,760.28
1666219,40363,11,6.22,2,0,10,68.95,1563.1,654.6
1680720,41197,12,6.36,5,0,10,69.21,1561.62,750.41
1672741,40800,12,6.28,2,0,10,65.17,1594.53,750.71
1669682,40481,11,7.04,1,0,10,68.66,1406.04,671.93
1673112,40646,10,6.26,4,0,12,61.94,1652.21,672.0
1674344,43418,9,6.99,6,0,12,69.65,1436.93,656.53
1704615,39028,13,6.34,4,0,10,66.14,1498.37,731.33
1658529,39771,11,6.43,2,0,10,69.68,1497.51,661.87
1651720,39409,8,6.29,7,0,10,64.48,1489.66,714.82
1682508,41707,11,6.41,1,0,12,60.85,1634.33,676.93
76806001,2473335,37,234.48,6,0,4661,62.63,1503.13,759.6
1662027,40198,9,6.12,4,0,12,58.63,1486.71,648.16
1657736,39717,8,6.47,3,0,10,62.62,1676.29,697.56
1654213,39849,9,6.47,2,0,10,64.29,1607.93,702.59
1699609,39719,11,6.20,1,0,10,69.69,1411.57,756.1
1684333,41243,13,6.74,5,0,12,70.26,1417.0,660.51
1652585,38839,10,5.80,0,0,10,71.37,1648.85,729.97
1667869,40344,10,6.32,2,0,10,70.68,1524.96,669.49
1666143,39311,10,6.26,4,0,10,66.93,1581.38,661.4
1662418,39820,10,6.12,2,0,10,58.56,1525.37,710.85
1676939,41391,11,7.02,6,0,10,67.54,1653.14,762.96
1659516,38856,13,6.02,3,0,10,59.31,1571.54,645.98
1652717,40593,9,6.66,6,0,10,67.92,1531.13,735.07
1671954,39643,10,6.37,4,0,12,64.63,1437.18,676.97
1666206,40487,12,6.06,4,0,10,64.01,1686.94,641.98
1689024,40853,10,6.84,4,0,10,65.83,1493.32,709.6
1663301,39237,13,6.11,4,0,10,60.62,1631.68,748.12
1668658,40916,14,6.70,1,0,10,71.15,1672.21,768.17
1637920,38470,8,5.90,2,0,10,62.43,1432.91,656.41
1665506,39495,11,6.86,5,0,10,70.02,1469.95,655.16
1663135,38855,10,6.03,2,0,10,70.67,1455.26,638.97
1669116,38715,10,6.06,6,0,12,62.79,1508.77,684.63
1652634,38537,11,6.30,3,0,10,70.78,1432.88,733.19
1651276,39546,15,6.32,6,0,10,69.43,1704.32,768.55
1655616,37539,14,6.18,3,0,10,59.8,1417.12,754.84
1652311,39808,10,6.99,2,0,12,67.97,1432.66,754.83
1666658,40155,12,6.42,3,0,12,60.5,1510.38,767.5
1666484,38930,9,6.29,4,0,12,71.36,1573.87,759.95
1657361,38689,9,6.20,2,0,10,65.3,1418.0,701.3
1659028,39773,9,6.40,4,0,10,69.81,1567.0,725.41
1662037,39399,17,7.71,3,0,10,70.12,1547.6,657.32
1644365,35987,10,6.01,3,0,10,70.59,1501.66,700.13
1647218,38183,13,7.34,0,0,10,62.76,1463.92,707.2
1647092,37617,10,6.88,5,0,10,63.44,1560.51,750.78
1630437,37366,9,6.44,2,0,10,70.75,1609.65,757.86
1636804,37663,10,6.03,6,0,10,67.14,1692.11,669.94
1670016,39365,12,6.80,2,0,12,60.58,1570.28,739.31
1656656,37544,11,6.28,3,0,10,69.99,1514.3,767.41
1661793,38832,9,7.02,3,0,12,62.93,1535.75,713.16
1764250,40143,22,6.72,3,0,10,64.79,1522.55,742.13
1634045,38011,9,6.09,4,0,10,59.32,1628.57,648.07
1652942,37814,14,6.17,3,0,10,62.47,1498.75,704.37
1643935,37553,8,6.88,1,0,10,61.29,1596.72,765.63
1659879,38084,12,6.00,7,0,10,59.3,1568.43,715.11
1643359,38238,8,6.32,3,0,10,59.04,1419.7,761.82
1674197,42796,12,7.21,5,0,10,70.86,1423.71,641.07
1673042,40298,16,7.78,3,0,10,60.45,1465.87,679.06
1666948,39113,11,7.34,1,0,12,64.3,1674.36,727.09
1676960,41885,20,7.70,5,0,10,59.41,1554.71,646.82
1653262,38733,9,6.17,0,0,10,67.05,1571.32,718.89
1653396,40037,11,6.30,2,0,10,59.4,1603.94,636.58
1669357,39574,15,6.65,6,0,10,70.27,1683.41,765.84
1654886,39200,12,6.25,3,0,10,70.42,1507.62,637.05
1643112,38102,10,5.96,4,0,10,60.05,1491.75,718.17
90963128,2949002,47,262.31,8,0,5688,59.76,1455.39,687.23
1646396,37977,8,5.99,4,0,10,64.34,1621.93,658.14
1668596,39385,11,6.51,5,0,10,65.38,1565.58,730.71
1666724,39708,11,6.57,3,0,12,61.65,1648.57,657.23
1681806,40632,12,7.25,4,0,12,67.64,1611.39,705.99
1651494,38545,8,6.17,2,0,12,70.58,1633.76,663.97
1647531,37968,10,6.26,3,0,10,69.68,1687.4,682.79
1646922,37831,9,6.16,5,0,10,61.82,1443.65,761.41
1663174,40154,11,6.84,7,0,10,69.49,1416.7,709.23
1635756,38976,9,6.80,3,0,10,68.64,1449.92,747.31
1648555,37757,10,6.26,4,0,10,71.06,1564.79,691.48
1659721,39963,10,7.17,3,0,10,67.87,1577.02,701.91
1642154,39036,11,6.38,5,0,10,65.91,1692.29,707.99
1649765,39236,10,6.02,5,0,10,69.12,1696.42,687.18
1646467,38158,9,6.15,2,0,10,71.2,1591.77,761.44
1656827,39023,12,6.40,3,0,10,67.83,1447.01,747.02
1639938,38550,9,6.51,4,0,10,60.22,1589.64,694.39
1647081,37285,11,5.96,5,0,10,70.79,1701.26,758.73
1672844,41106,9,7.44,1,0,12,67.17,1547.96,666.3
1656776,39682,11,6.42,4,0,10,60.93,1430.12,653.42
1663172,39286,9,6.63,5,0,12,65.03,1423.79,710.96
1693236,40228,15,6.28,5,0,12,62.63,1460.04,718.11
1692417,38661,10,6.40,7,0,10,67.72,1537.11,670.15
1657361,38689,9,6.20,2,0,10,65.81,1665.78,698.32
2452440,84108,15,10.76,5,0,18,66.07,1570.33,709.88
2494972,86056,18,10.84,0,0,17,62.89,1414.53,631.85
2497425,84564,17,11.76,3,0,18,61.86,1651.94,719.12
2497542,86298,23,11.59,3,0,18,65.09,1449.51,631.56
2581062,88554,28,13.30,4,0,18,65.41,1527.19,1118.72
2518660,86661,22,11.77,5,0,17,61.67,1435.95,1176.28
2461472,83196,22,11.34,3,0,16,69.26,1309.16,1225.94
2495700,81527,19,11.44,5,0,16,64.98,1313.73,1097.21
2480656,85072,19,11.19,8,0,16,70.04,1326.84,1248.58
2461038,78603,19,10.84,6,0,18,61.65,1413.01,1180.67
2484832,80668,20,11.16,2,0,18,74.18,1405.97,1150.69
2488222,86488,19,11.07,6,0,18,68.48,1309.7,1238.34
2469567,81660,24,11.38,5,0,18,73.02,1292.85,1202.39
2467057,83026,18,10.89,4,0,18,68.07,1353.67,1324.05
2460431,80474,19,10.83,3,0,17,74.06,1463.84,1249.15
2466975,83258,20,12.16,6,0,17,63.18,1293.88,1191.73
2464431,82410,19,10.97,5,0,18,68.0,1335.72,1088.14
2457613,76337,20,11.74,6,0,17,68.65,1475.35,1197.05
2461892,81724,25,11.28,4,0,18,64.57,1384.06,1146.1
2485767,82173,20,11.25,2,0,18,68.69,1416.83,1194.71
2486692,79664,18,13.29,6,0,17,65.67,1456.9,1087.02
121008800,4086255,64,378.52,5,0,7567,67.48,1526.69,1263.48
2493631,84862,20,12.14,4,0,17,74.57,1462.47,1138.17
2465532,82094,24,11.37,0,0,18,74.6,1472.54,1253.76
2468765,78105,25,10.86,2,0,17,67.34,1499.1,1108.63
2451241,83057,19,11.42,5,0,17,70.06,1338.33,1196.78
2476347,83531,27,12.36,10,0,18,61.63,1535.61,1261.53
2502229,81834,20,11.86,6,0,17,62.59,1490.16,1223.12
2496496,79345,22,12.74,6,0,18,61.59,1283.22,1281.45
2478088,81877,19,12.64,6,0,18,72.33,1507.11,1225.77
2532680,81585,29,12.50,4,0,17,73.79,1294.29,1257.05
2465630,81967,17,10.82,1,0,18,74.0,1298.62,1088.15
2472721,83133,17,10.91,5,0,18,70.09,1329.81,1154.6
2470447,80379,25,10.75,7,0,17,69.47,1410.39,1157.12
2475727,82867,21,11.79,8,0,18,73.83,1508.85,1316.21
2463434,80275,23,11.76,5,0,18,69.76,1385.63,1235.06
2477001,82663,22,11.49,4,0,18,73.13,1424.63,1129.62
2446995,81509,18,10.54,2,0,17,63.68,1364.01,1317.99
2484094,80209,24,11.45,2,0,18,64.06,1481.52,1199.67
2503801,82394,19,11.14,3,0,17,65.25,1284.86,1135.62
2478843,80759,23,11.81,4,0,18,71.91,1479.04,1262.06
2451226,79698,23,10.92,8,0,18,66.6,1266.67,1238.31
2444595,80008,20,10.65,6,0,18,66.72,1491.17,1212.71
2466519,81041,20,12.06,4,0,18,72.76,1489.56,1261.22
2480914,83451,25,11.89,5,0,17,67.73,1274.71,1124.05
2469487,83015,22,11.70,1,0,17,62.21,1304.13,1178.77
2473253,83619,21,11.79,4,0,16,62.04,1337.87,1296.98
2436749,81130,22,10.88,3,0,18,65.47,1397.4,1174.83
2458832,82726,19,11.25,5,0,18,71.49,1413.9,1147.48
2474516,85302,22,12.84,4,0,18,65.52,1506.28,1306.34
2453415,81512,18,10.70,2,0,18,68.03,1286.1,1162.98
2486576,82001,22,12.61,4,0,18,67.51,1382.62,1212.51
2464864,76940,18,10.98,3,0,17,65.71,1372.25,1165.08
2469839,80331,25,12.58,3,0,18,65.75,1438.95,1186.52
2460308,79597,19,11.40,4,0,18,66.53,1432.91,1120.65
2475203,81367,25,11.36,4,0,18,73.46,1470.98,1225.79
2491294,78853,24,12.05,5,0,17,72.99,1445.98,1252.48
2469496,76407,18,11.33,2,0,17,73.97,1429.83,1140.04
2457404,77663,19,11.08,4,0,18,72.65,1371.06,1185.27
2464776,81759,20,11.42,2,0,17,66.65,1281.03,1159.79
2466070,82843,22,11.52,4,0,16,65.46,1442.16,1204.29
2468254,81132,19,11.45,2,0,18,63.56,1361.45,1254.57
2483635,82773,24,12.32,4,0,17,73.89,1339.54,1114.55
2457157,78567,20,10.95,7,0,17,71.19,1480.43,1291.03
2500937,79447,19,12.03,6,0,16,68.15,1466.01,1152.49
2479135,81667,22,11.86,6,0,18,63.59,1522.59,1283.98
2472896,84321,20,12.66,5,0,18,69.61,1424.27,1130.34
2487496,84989,22,11.87,8,0,17,72.28,1331.66,1308.08
2471598,81976,23,11.02,3,0,18,71.06,1526.56,1197.34
2468845,80649,22,11.26,5,0,17,73.22,1497.16,1277.95
2472587,77778,23,11.27,2,0,18,63.63,1527.95,1242.97
2477190,82999,21,11.47,6,0,17,68.96,1453.83,1153.99
2468854,82673,17,11.26,5,0,17,67.22,1286.94,1125.48
118838734,3944348,45,354.87,7,0,7355,74.58,1282.79,1169.8
2482734,81284,23,12.23,5,0,18,71.73,1309.23,1172.88
2448537,79016,19,11.50,3,0,17,63.5,1320.47,1147.51
2474023,79465,17,11.09,2,0,17,68.56,1366.02,1200.01
2451234,83188,21,11.41,6,0,18,69.68,1460.76,1230.18
2473210,80530,19,11.22,6,0,18,65.43,1413.91,1274.36
122611770,4086073,46,361.38,5,0,7687,63.8,1277.37,1275.41
2477093,81315,19,11.43,2,0,17,66.15,1361.46,1220.12
2468510,80002,19,10.94,5,0,17,71.01,1333.44,1253.15
2449761,80841,18,11.30,2,0,18,64.96,1407.81,1165.28
2478240,81445,20,12.02,2,0,18,63.13,1333.47,1321.96
128018120,4285286,47,383.88,7,0,8237,75.14,1426.38,1239.11
2482188,80869,19,11.05,5,0,17,70.37,1482.37,1124.51
2487121,82936,22,11.64,4,0,18,63.68,1330.61,1291.75
2493031,82744,21,13.37,5,0,18,65.12,1481.41,1264.74
2452370,81982,17,11.00,6,0,16,69.82,1317.36,1255.17
2471923,82476,21,11.31,1,0,18,61.62,1332.69,1196.46
2459080,81910,19,11.38,5,0,18,70.62,1292.8,1107.28
2464825,79561,20,12.56,5,0,18,66.92,1341.12,1300.28
2461648,81367,18,11.02,3,0,18,61.99,1407.03,1153.99
2469022,82967,21,11.25,4,0,17,65.73,1470.63,1188.66
2478076,82668,19,12.28,5,0,18,74.8,1492.01,1256.26
2472967,78525,21,11.57,5,0,17,70.35,1291.47,1225.59
2577418,83479,31,12.90,5,0,18,64.49,1380.82,1281.78
2482049,82302,26,11.35,6,0,18,73.58,1477.71,1149.26
2476221,80562,23,11.18,3,0,17,66.39,1338.38,1179.49
2453415,81512,18,10.70,2,0,18,73.91,1347.06,1225.87
2267355,65159,15,11.31,2,0,8,70.53,1485.84,1289.56
2189034,59498,14,9.61,3,0,7,65.73,1345.86,1258.14
2180971,59377,21,10.84,2,0,6,67.57,1335.26,1207.62
2181250,60021,15,10.20,6,0,6,70.08,1465.93,1221.6
2174191,59746,21,11.46,5,0,7,73.99,1482.92,1097.34
2189517,60612,20,9.97,8,0,7,63.71,5994.29,514.63
2218305,60081,19,12.22,5,0,6,70.22,6828.17,471.01
2168541,58684,20,9.48,9,0,7,68.46,6710.85,481.83
2205485,60369,20,10.58,7,0,8,65.14,6014.3,558.35
2195422,59727,20,10.66,3,0,6,65.75,6459.37,514.07
2211065,61334,23,11.64,4,0,8,70.49,6755.36,484.03
2181370,57078,15,9.70,3,0,8,65.57,6840.18,568.41
2198899,61200,17,10.63,5,0,8,60.47,6717.28,508.78
2200868,59611,24,10.60,3,0,8,59.99,6706.84,520.96
99495963,3233189,55,298.46,10,0,6213,63.62,5949.52,489.81
2182448,60238,15,10.39,4,0,6,66.49,6683.03,572.25
2216824,59942,20,10.57,9,0,6,63.66,6263.94,477.37
18317247,616189,47,66.08,9,0,847,61.54,6960.68,529.45
95227351,3119143,55,289.44,13,0,5936,65.87,6590.71,572.36
2195772,60197,24,10.11,6,0,6,69.41,5814.4,553.54
2196192,60531,17,11.28,6,0,7,70.76,6288.45,493.52
2212538,61671,15,11.32,3,0,8,62.04,7047.27,540.55
2187019,58643,19,9.62,8,0,8,60.04,5992.27,493.63
2208034,60425,20,10.34,8,0,7,58.9,6100.73,482.29
2199112,57836,19,9.52,5,0,6,65.46,6713.91,515.57
2170912,60241,17,10.66,7,0,7,59.28,5785.08,489.24
2202373,58924,20,9.37,5,0,7,68.36,6787.22,524.86
2199019,60665,20,10.28,6,0,8,58.61,6246.17,474.19
2224911,63834,17,10.69,3,0,7,65.51,6634.73,495.07
2191740,59826,19,9.43,2,0,8,60.93,6069.43,539.93
2235266,61125,20,10.04,4,0,8,63.1,5893.33,518.67
2188344,58062,16,9.23,7,0,7,69.94,6470.96,477.65
2194846,61369,15,10.45,4,0,8,58.35,6463.5,552.36
101387217,3295147,45,299.40,7,0,6395,63.12,6846.12,559.29
2195184,60481,20,9.75,4,0,8,58.97,6698.41,508.68
2207083,57873,21,9.80,5,0,7,70.52,6148.49,559.96
111138269,3667538,58,343.12,11,0,7307,69.87,6390.76,512.2
2180166,61135,16,10.70,4,0,8,64.59,6062.68,499.07
2208535,62787,18,10.97,4,0,7,70.48,6950.15,524.15
2188249,59223,20,9.75,8,0,7,66.94,5767.85,571.82
2187590,58950,16,9.23,5,0,7,65.41,6508.28,568.91
64963945,2037180,42,195.99,4,0,4080,62.71,5843.05,479.47
2218444,61185,17,9.99,4,0,8,60.85,6431.06,571.0
2199783,62862,18,11.30,5,0,8,65.81,6199.42,564.08
2196301,60771,19,10.07,5,0,7,65.62,6983.11,568.51
2182724,59134,16,9.34,4,0,7,65.9,6699.09,485.91
2213733,60190,18,10.31,6,0,6,61.55,6350.92,505.98
2184207,58924,14,9.37,5,0,8,70.39,6012.32,555.27
2186472,60384,17,9.46,7,0,8,66.72,6324.14,544.65
2227048,63210,21,11.03,2,0,8,60.87,6724.76,475.08
2201423,60193,19,10.01,7,0,7,70.68,5969.34,476.97
2207357,59279,23,9.82,3,0,6,68.43,6843.96,552.9
2194403,59168,17,9.43,5,0,7,68.15,6420.04,566.01
2193415,60595,16,9.64,9,0,9,66.89,6068.7,517.53
2209229,61709,17,10.37,4,0,7,69.45,6799.21,533.08
2189438,59991,17,9.37,3,0,7,67.94,6089.07,566.97
2278903,61145,26,10.57,5,0,8,70.29,6446.17,547.96
2193246,60075,14,9.96,4,0,6,64.69,6912.87,514.77
2226399,60828,20,10.73,5,0,8,62.2,6445.29,542.88
2210269,57941,19,10.49,3,0,7,68.04,6358.05,540.95
2190015,60770,16,9.53,6,0,7,62.38,6988.1,558.03
2198796,60505,15,9.85,6,0,6,65.79,6996.42,522.53
2224775,61365,18,10.34,6,0,8,63.27,6313.9,554.02
2200923,59797,16,9.99,9,0,7,61.62,6379.22,552.33
2213168,60357,23,9.96,6,0,6,63.09,6201.21,540.09
2200899,60019,18,9.56,4,0,6,62.62,6215.2,523.33
2203631,59842,16,9.56,1,0,8,60.04,6375.89,558.61
2188731,59920,18,9.66,5,0,8,61.24,6879.09,488.53
2202857,60361,16,10.05,5,0,6,59.97,6296.28,509.84
2206129,60607,14,9.47,3,0,8,60.3,5909.23,469.61
2179390,59288,15,9.99,5,0,8,65.14,7005.78,510.21
2211629,62176,15,10.17,7,0,7,63.75,5839.23,476.59
2206967,60401,19,9.99,5,0,7,65.52,6296.3,548.57
2186862,60549,17,9.15,8,0,8,67.93,6540.08,511.69
2201752,60851,16,9.87,5,0,8,65.73,7018.06,521.9
2199235,58860,18,9.28,3,0,7,69.62,6326.4,536.25
2201834,61145,14,9.62,3,0,8,66.34,6472.31,481.84
2216354,62203,23,9.97,5,0,7,62.34,6277.48,477.7
2198696,61014,24,10.98,4,0,6,69.95,6621.73,484.1
2198880,60391,17,9.72,4,0,6,64.81,6572.37,542.45
2242626,61676,18,10.47,2,0,8,59.27,6760.22,486.63
2202798,60401,15,9.26,4,0,8,58.4,6031.5,524.41
2202290,59365,14,9.22,5,0,7,69.68,6703.87,513.07
2195812,61978,16,9.32,4,0,7,68.52,6881.2,526.68
2189076,60146,17,9.53,5,0,7,64.47,5920.29,517.54
2211586,60370,20,10.10,3,0,8,64.81,5834.82,500.6
2194252,59531,13,9.98,3,0,8,70.86,6328.3,561.4
2214734,59710,18,9.57,7,0,7,68.96,6876.07,510.76
2211951,61994,17,9.71,1,0,7,70.85,6807.64,473.2
2213969,63403,23,10.95,4,0,7,70.16,6205.82,531.42
2204182,59019,16,9.12,6,0,8,58.55,5889.17,546.38
2224226,64412,19,10.46,4,0,6,59.16,5822.87,520.04
2211572,61674,17,9.79,6,0,7,69.63,6166.4,542.78
2198087,59908,15,9.46,9,0,7,61.97,6459.4,526.22
2324602,62617,26,10.23,7,0,6,64.96,5788.07,538.58
2213094,61139,18,10.07,4,0,6,60.93,6189.1,488.47
2207641,58824,16,9.62,4,0,7,62.07,6906.64,482.45
2195446,61614,19,9.56,3,0,7,60.29,6263.04,481.61
2195546,59833,18,9.67,4,0,8,64.54,5986.23,475.36
2227048,63210,21,11.03,2,0,8,60.09,7041.22,520.11
2719946,107936,21,13.32,4,0,42,63.0,7022.56,488.56
2654075,102719,25,12.81,4,0,41,70.26,5939.99,531.3
2663995,95072,27,58.73,7,0,41,64.67,6990.68,561.25
2879067,103120,33,35.71,3,0,41,60.27,6966.54,551.31
113650825,3876576,54,391.72,7,0,7151,58.87,6177.86,473.15
120975540,4127731,57,419.43,6,0,7652,61.84,6764.64,492.11
2668158,99169,27,17.11,5,0,41,63.6,5742.6,546.51
2634628,94393,31,13.06,3,0,41,68.98,5797.46,510.53
2640286,85746,28,13.96,3,0,41,59.47,5395.59,579.59
2639641,99024,25,14.39,7,0,42,58.4,4945.47,576.71
2653976,95328,30,14.61,6,0,41,65.98,5462.96,542.96
2648135,98486,24,13.12,6,0,41,58.04,5592.14,581.35
2664484,96104,24,14.87,7,0,42,62.29,5802.04,576.32
2674593,93718,37,14.12,2,0,41,63.45,5362.52,562.03
2673340,101809,27,14.09,8,0,41,63.49,5028.14,512.13
2652523,97431,26,13.90,1,0,41,60.33,5290.7,585.62
2654436,101442,24,13.10,3,0,41,63.1,5965.51,577.04
2638533,97540,29,14.13,3,0,41,59.3,5063.22,575.95
2760043,96812,33,13.60,7,0,41,60.01,5115.33,512.8
130374086,4447363,93,429.46,9,0,8534,69.54,5826.86,561.99
2651356,100249,26,13.35,7,0,42,70.39,5367.54,505.28
2652243,102697,30,12.91,4,0,41,69.98,5848.05,493.91
2666586,103680,28,13.31,2,0,41,64.96,5588.84,584.57
2667087,94496,31,14.99,5,0,41,60.06,5704.83,590.89
2636861,100474,26,12.98,6,0,41,60.68,5202.49,586.8
2649140,99714,25,13.83,5,0,41,58.04,4967.2,560.27
2691673,97775,35,13.46,4,0,41,62.49,5074.39,495.02
2648722,98428,24,13.83,4,0,41,60.68,5934.44,550.06
116079016,3985637,63,444.38,9,0,7291,62.84,5002.86,592.84
2644938,92102,22,12.80,5,0,41,65.09,5935.62,552.94
2640016,98630,28,14.31,6,0,41,62.06,5798.66,562.75
2650629,99817,27,13.35,5,0,41,64.29,4955.8,570.93
2633080,98642,25,12.73,2,0,41,65.87,5851.69,548.11
2675264,98857,30,13.14,4,0,41,64.8,5239.85,519.56
2646458,85833,23,13.92,0,0,42,62.23,5241.02,580.65
2665175,98712,29,14.57,7,0,41,65.28,5831.1,591.43
2632665,97274,24,12.81,5,0,41,67.93,5296.95,572.37
2699519,95842,32,14.01,4,0,41,67.11,5289.13,585.23
2656076,87819,29,12.88,3,0,41,65.02,5706.27,498.11
123771251,4163703,75,430.05,5,0,7838,66.03,5413.88,493.72
2653858,100905,28,13.39,5,0,41,62.37,5315.39,579.7
2648957,94687,29,14.90,6,0,41,68.7,5042.44,580.78
2645016,83245,26,13.18,5,0,41,59.03,5241.3,548.14
86276083,2857452,61,278.55,6,0,5351,64.34,5692.89,506.78
105093893,3791635,67,448.08,10,0,6548,61.57,5094.93,585.69
2661954,93367,26,13.98,8,0,42,67.33,5265.55,553.01
2640254,96685,25,13.97,5,0,41,66.8,5094.82,573.64
117846291,4000328,66,371.12,10,0,7430,67.34,5896.63,528.45
2664623,101107,27,13.84,6,0,41,62.19,4989.56,560.43
90597437,2985466,51,277.72,11,0,5692,61.44,4902.88,592.85
2635222,99411,26,13.23,10,0,41,61.3,5164.68,579.65
127869035,4346134,58,419.97,11,0,8318,66.89,5736.64,518.75
2648329,100297,23,14.14,5,0,41,63.95,5234.49,589.51
2662740,103515,27,14.53,4,0,41,65.79,5111.31,539.59
2659313,103404,24,13.93,7,0,41,66.6,5805.95,591.29
132389868,4582361,78,533.67,7,0,8630,66.56,5580.7,525.96
2658857,99472,27,17.62,7,0,41,61.05,5072.72,527.01
2654926,97963,25,12.94,7,0,41,67.27,5075.15,549.32
2653396,99734,24,13.91,4,0,41,65.36,5140.5,508.27
2648229,95444,26,12.83,5,0,41,64.67,4926.62,578.74
2649303,101256,23,13.96,5,0,41,59.79,5940.78,574.85
2655612,100235,29,13.25,2,0,41,68.27,5164.85,534.34
2660919,94879,27,13.36,9,0,41,59.23,5052.67,488.67
2648410,102907,27,14.11,4,0,41,64.95,5777.59,569.08
2637070,89572,23,12.91,1,0,41,62.67,5533.32,527.92
2631000,97704,27,13.29,4,0,41,58.17,5737.98,495.6
114878383,3916510,55,405.01,17,0,7248,67.22,5838.02,556.15
2677242,103363,29,14.19,3,0,41,59.09,5811.89,542.25
2629198,87769,25,12.68,5,0,41,62.19,5547.93,490.15
2688345,86822,28,16.74,6,0,41,64.56,5513.08,555.98
2637129,84249,23,13.18,8,0,41,60.0,4966.03,592.51
2660464,101929,26,14.27,11,0,41,65.23,5007.81,516.21
2647312,100127,27,22.85,3,0,41,68.14,5190.93,589.5
2655202,98290,27,14.30,8,0,41,60.21,4931.13,503.73
2635849,98664,25,12.79,8,0,41,70.18,5517.77,563.87
2627250,96109,28,14.30,6,0,41,67.77,4945.08,516.75
2658409,101849,32,13.32,2,0,41,63.48,5254.04,514.28
122500086,4239132,85,444.52,13,0,7797,57.97,4933.04,550.79
2647801,88119,27,14.45,3,0,41,58.05,5724.61,521.35
2640895,98933,28,13.21,6,0,41,63.4,5041.96,572.27
2643872,101055,26,17.74,7,0,41,66.63,5236.72,582.79
2680537,90070,26,13.81,7,0,41,58.39,5209.26,560.86
127963633,4410186,66,405.38,8,0,8348,69.1,5899.35,516.67
2645738,90684,25,13.31,7,0,41,64.76,5255.96,529.82
2665007,100401,30,15.21,7,0,41,63.55,5534.06,534.18
2652721,101358,26,15.38,7,0,41,70.51,5299.82,513.52
24666229,866103,48,120.99,11,0,1229,61.56,4932.92,572.6
2637683,98883,23,13.29,5,0,41,61.58,4950.88,576.98
2645969,98348,27,17.31,4,0,41,59.47,5188.68,550.35
2646855,102779,24,13.96,3,0,41,67.66,5896.71,583.89
2630060,98201,24,12.89,4,0,41,64.17,5913.34,559.7
2714090,102840,31,17.45,8,0,41,66.66,4925.35,508.35
2629780,94726,22,13.78,1,0,41,70.14,5706.5,510.47
2671364,93467,30,13.14,8,0,41,66.0,4923.26,544.99
2628768,100801,25,13.16,2,0,41,69.87,5688.94,543.8
2653880,100733,25,12.90,6,0,41,59.98,5893.68,506.08
2629038,87443,28,12.78,4,0,41,66.91,5817.34,541.08
2662219,86823,30,13.51,3,0,41,67.96,5710.28,509.71
2674801,90131,30,13.20,7,0,41,58.23,4951.87,511.5
2635222,99411,26,13.23,10,0,41,62.79,5114.17,532.16
2590716,89075,19,12.00,8,0,20,58.94,5053.87,539.96
2535318,89150,29,13.09,5,0,20,64.56,5812.98,538.49
2554616,90304,27,12.59,5,0,20,67.67,4962.3,512.5
11387920,402204,50,54.90,8,0,523,69.79,5525.39,509.71
2551120,94442,24,16.21,3,0,20,68.43,5697.01,514.89
2545717,86028,28,15.43,10,0,20,62.99,5298.06,494.27
79258471,2784960,62,295.49,12,0,4697,63.18,4913.47,589.84
2528239,83805,20,11.98,4,0,21,70.42,1282.77,900.63
2525248,86914,24,12.67,5,0,21,69.91,1367.44,935.21
2553753,88697,22,13.04,5,0,22,67.53,1337.67,832.91
2537714,91305,23,12.76,7,0,21,63.2,1207.28,774.27
2525760,91288,24,12.52,6,0,20,70.57,1214.86,900.66
124297342,4393012,103,520.23,11,0,7744,59.57,1192.14,792.85
2532962,88270,24,12.02,5,0,21,63.6,1158.33,829.69
2531760,86549,25,12.55,5,0,21,66.3,1330.02,895.47
2522190,85549,23,11.58,9,0,21,66.7,1330.16,906.28
2566864,89556,29,13.77,9,0,20,60.8,1167.71,814.59
2538674,87384,21,12.35,7,0,21,63.93,1367.52,878.02
2511920,87863,20,13.61,5,0,20,61.4,1291.96,913.49
2537537,85716,20,12.46,3,0,21,61.61,1266.28,853.86
2552885,84185,25,14.89,5,0,21,63.56,1368.32,840.4
2514708,80609,25,13.98,4,0,21,64.62,1257.66,804.55
2524341,86852,22,13.66,5,0,20,60.38,1287.97,779.69
2544532,87575,28,12.63,10,0,21,57.96,1208.83,789.48
109797788,3733843,60,395.98,10,0,6672,66.27,1229.28,935.24
2627679,88511,30,13.30,2,0,21,59.45,1228.03,858.77
2508513,82356,19,12.07,5,0,20,62.68,1138.61,809.01
2557565,87042,24,13.22,1,0,21,68.54,1243.38,923.45
2551141,92957,30,15.17,4,0,21,62.12,1132.6,853.08
2519300,87334,25,13.07,6,0,21,68.6,1375.61,927.28
33976457,1216110,41,115.85,12,0,1931,64.63,1327.05,876.01
110965386,3852845,51,442.42,8,0,6787,63.4,1138.97,817.36
2521674,90887,23,19.50,7,0,21,58.69,1195.19,887.54
2522079,85529,23,11.89,3,0,21,65.69,1182.05,846.57
2509693,83511,26,11.42,3,0,20,59.29,1339.87,871.49
2543878,89053,24,13.78,5,0,21,62.11,1221.45,902.01
2521666,86199,27,11.95,6,0,21,63.92,1151.37,780.57
2536003,85092,23,12.57,9,0,20,70.64,1275.04,925.56
2545955,89958,21,14.05,6,0,20,70.24,1238.37,925.26
2537650,87208,23,12.42,0,0,21,67.97,1173.41,928.4
2544300,85658,25,12.90,4,0,21,64.87,1329.04,795.1
2547222,89055,26,13.93,6,0,21,69.36,1184.45,938.99
2557692,88272,29,13.79,9,0,21,68.39,1371.47,871.8
2529820,82560,25,12.53,5,0,21,66.47,1371.55,892.53
2538753,88644,26,12.49,7,0,21,60.62,1204.05,783.23
2522572,84554,21,12.10,5,0,20,61.67,1281.04,932.07
2561026,91072,27,14.82,5,0,20,61.69,1340.06,920.94
2532794,91068,23,16.75,12,0,20,60.73,1365.35,780.07
2588287,91056,26,20.33,2,0,21,67.75,1142.61,938.35
2529475,83998,23,13.88,8,0,20,69.84,1221.84,832.23
2542306,87433,26,13.04,4,0,21,64.4,1258.53,929.36
116307490,3985251,50,439.00,10,0,7167,69.1,1189.89,905.81
2528813,90334,23,31.12,7,0,21,66.78,1260.84,925.22
2515267,88772,26,16.25,4,0,21,68.5,1215.43,904.28
2523489,83798,22,12.66,4,0,21,65.11,1231.09,785.5
102343930,3567787,54,415.83,11,0,6131,65.72,1260.22,941.09
2522552,85418,27,14.25,4,0,20,60.49,1159.57,871.99
2524383,81326,23,13.46,5,0,21,63.47,1180.47,926.19
2532563,83373,22,14.01,9,0,21,66.54,1145.57,862.85
2517497,88598,22,13.47,5,0,21,63.97,1337.83,821.71
2530380,86071,22,13.55,3,0,20,61.45,1216.88,882.85
2528709,88246,22,14.06,7,0,20,61.62,1260.3,772.33
2534511,86389,23,13.10,7,0,21,69.29,1149.28,876.76
2569505,90236,33,17.66,7,0,21,59.77,1293.2,915.45
2515039,85915,21,13.95,4,0,20,61.2,1295.37,837.21
2538824,86127,23,15.07,7,0,21,62.85,1247.25,799.27
2534828,90489,23,15.96,6,0,21,59.8,1220.15,884.94
2540781,88889,27,14.60,8,0,21,62.74,1218.13,943.43
2510370,86305,21,15.15,5,0,20,65.49,1184.68,896.07
2527141,86321,25,14.46,4,0,21,63.44,1307.94,898.6
118474901,4030717,59,442.05,8,0,7314,64.36,1371.79,869.31
99432721,3331114,47,312.89,10,0,6040,61.14,1289.32,812.33
2531420,89075,22,14.07,2,0,20,69.34,1312.17,910.44
2523692,86985,22,13.12,6,0,20,65.48,1158.95,916.67
2533832,89494,25,14.98,9,0,21,69.6,1173.26,911.68
2518892,88081,25,12.49,2,0,21,66.89,1347.15,942.21
2541793,89996,30,13.55,9,0,20,66.49,1317.37,797.95
2561097,90321,28,14.74,10,0,20,63.66,1198.18,884.3
2523911,84176,25,13.29,7,0,20,59.35,1173.04,939.57
2529138,84123,22,13.49,7,0,21,65.0,1146.52,781.72
2557596,86956,24,14.74,9,0,21,66.78,1267.4,835.89
2525001,84072,23,12.04,10,0,21,66.67,1363.36,802.14
2518989,88990,21,12.53,7,0,20,66.44,1265.46,805.35
2537747,87257,25,13.55,4,0,20,60.62,1150.34,917.26
2537987,84611,22,14.80,6,0,21,60.8,1164.42,851.14
41693275,1500435,49,163.20,5,0,2453,59.25,1226.61,827.42
2518707,82791,19,13.49,6,0,20,58.43,1295.98,809.22
2533388,84685,23,13.01,8,0,20,66.27,1233.65,877.54
118654910,4080858,63,406.86,7,0,7317,66.04,1208.01,871.91
114716227,3933257,51,413.19,8,0,7106,61.56,1304.44,784.36
2523096,86132,22,14.81,9,0,21,63.69,1264.5,862.86
2531073,89148,30,17.08,5,0,21,62.09,1226.5,896.33
2522959,88073,21,13.88,6,0,21,66.74,1353.07,875.75
2545997,89906,23,15.71,10,0,20,66.61,1208.58,800.16
2562399,85802,32,14.52,2,0,21,59.87,1365.16,812.44
2925685,93183,22,41.00,10,0,21,67.76,1239.36,815.5
121470793,4144598,51,412.03,10,0,7629,68.31,1171.83,888.22
2536937,86805,24,14.03,4,0,21,67.7,1158.46,779.12
2540869,88105,27,15.93,7,0,20,69.81,1221.33,888.85
2529475,83998,23,13.88,8,0,20,69.8,1356.21,800.96
266064113,330616,363,1011.59,15,0,357,59.69,1339.85,885.74
244018611,245890,100,688.41,8,0,141,59.0,1268.02,837.61
253916744,249358,106,712.63,5,0,138,60.33,1182.32,846.63
257519254,257767,166,725.23,7,0,144,61.54,1335.58,855.65
256281205,259495,150,759.69,20,0,140,66.02,1329.94,816.57
242522026,244435,88,653.46,6,0,135,59.61,1209.6,852.0
255746064,257270,215,712.17,7,0,142,62.22,1175.57,868.62
243739792,246079,104,682.86,5,0,144,61.32,1210.55,906.87
236295887,254340,221,669.30,12,0,142,1.75,878.67,20.9
246425681,259212,183,722.92,10,0,141,1.86,808.78,20.09
250844912,259034,237,677.00,13,0,140,1.9,925.36,19.87
249647825,265959,265,758.95,7,0,137,1.93,828.05,17.53
255951535,253565,146,698.82,9,0,147,1.93,833.68,20.79
239916173,246680,108,701.35,10,0,141,1.97,845.85,17.66
249433154,251858,156,673.13,14,0,137,1.9,813.9,18.84
249206710,250082,121,705.18,11,0,144,1.8,914.41,19.37
252953548,256950,205,662.96,12,0,139,1.7,809.84,20.78
242025490,249826,100,673.05,7,0,142,1.89,903.18,20.77
249354614,247324,115,710.33,5,0,143,1.81,828.07,19.79
246966060,275454,261,674.13,15,0,144,1.96,921.34,20.29
249354990,245450,106,686.34,8,0,142,1.71,875.44,19.81
245213974,245320,98,669.39,7,0,144,1.64,887.06,20.27
190993182,192067,96,573.57,9,0,41,1.86,857.59,17.74
246936656,248691,113,704.96,10,0,136,1.95,843.66,20.66
250376688,248130,107,729.23,6,0,142,1.87,846.49,18.77
244612336,278844,262,852.65,17,0,145,1.91,902.26,20.2
246303910,250782,111,765.10,9,0,139,1.78,820.8,18.29
251907002,263002,136,798.86,12,0,143,1.87,921.04,20.02
239329831,251790,130,676.56,7,0,144,1.73,874.66,17.82
252041144,251084,125,721.94,10,0,140,1.82,827.16,18.45
247746967,257773,116,767.81,9,0,141,1.71,928.53,18.94
244411384,265512,183,730.45,13,0,140,1.86,881.56,19.29
242482653,249005,115,742.58,13,0,144,1.74,904.89,17.54
256713682,270354,158,854.52,9,0,144,1.7,865.24,19.3
247158877,277468,207,770.83,12,0,139,1.84,895.03,20.88
254990709,251160,123,704.53,12,0,143,1.89,910.94,17.55
257707970,271395,234,780.84,20,0,146,1.83,883.88,19.82
84222149,76133,63,223.34,4,0,39,1.81,888.77,20.57
250404166,271352,291,697.02,8,0,147,1.63,820.23,20.21
245185341,245115,132,703.01,6,0,137,1.95,918.99,20.59
80276082,81442,69,233.50,7,0,40,1.89,937.95,20.53
251475557,258583,147,742.17,10,0,139,1.74,817.32,19.6
252869101,256444,162,692.85,14,0,138,1.7,779.49,20.74
251034600,250397,110,730.76,15,0,142,1.84,838.21,18.67
249076548,247142,214,715.72,6,0,144,1.87,774.18,17.75
252446350,248180,107,691.60,14,0,141,1.82,778.96,17.94
254203513,253387,153,722.20,9,0,144,1.66,929.52,19.54
242002788,241726,104,657.62,8,0,137,1.84,783.63,17.9
245360979,245124,138,649.59,10,0,144,1.91,904.98,19.82
249314489,260014,172,774.17,5,0,145,1.87,886.34,19.37
251027560,260212,143,789.74,9,0,140,1.77,937.91,20.65
253609560,259103,195,709.83,15,0,143,1.66,913.18,17.49
248257717,246835,127,668.79,10,0,149,1.86,930.31,20.53
250656259,252039,106,738.28,12,0,141,1.68,857.31,19.27
250677047,249372,113,710.52,11,0,140,1.81,868.43,20.34
248174137,256650,130,754.86,9,0,143,1.91,878.7,21.11
249067171,244366,105,670.61,6,0,145,1.99,923.95,20.39
251575888,273945,269,833.87,13,0,141,1.76,922.44,20.89
254466266,262604,152,684.15,18,0,142,1.89,777.08,19.79
240818057,247062,115,730.66,5,0,141,1.73,839.68,19.43
245484468,247847,102,663.89,11,0,146,1.97,843.01,20.29
250735107,264614,214,846.74,12,0,141,1.81,882.89,20.39
255973406,250849,138,680.67,8,0,142,1.85,827.45,18.83
251247566,296048,347,871.46,9,0,145,1.81,893.23,17.95
250724203,262899,196,742.00,19,0,143,1.84,803.06,17.45
244757165,256901,150,657.59,15,0,147,1.85,805.91,19.94
254577015,258448,133,718.65,10,0,142,1.93,889.46,18.83
254266957,258220,128,764.07,8,0,141,1.7,896.82,21.11
253814873,273284,240,773.31,21,0,141,1.89,856.72,21.09
253849498,255744,136,719.18,8,0,141,1.98,819.02,20.46
255532848,301652,282,889.91,15,0,141,1.87,916.6,18.28
249216696,267986,130,886.60,8,0,142,1.65,802.1,18.62
253269810,260462,152,761.17,13,0,144,1.95,809.72,19.86
252841088,265624,126,809.63,12,0,142,1.84,937.08,20.92
209241137,220190,254,623.17,15,0,132,1.9,781.56,17.58
247106296,265073,226,699.99,18,0,142,1.95,821.04,19.4
251706040,250295,123,790.89,6,0,142,1.66,775.48,17.65
250894900,251681,115,741.48,15,0,141,1.67,812.77,19.1
248279929,248957,174,685.91,10,0,140,1.87,807.47,17.49
254088245,249518,136,725.93,8,0,139,1.64,854.28,18.11
252992377,249678,143,671.81,14,0,142,1.71,931.25,20.51
244363859,268611,217,764.45,10,0,142,1.79,894.27,19.0
251830159,278977,254,787.93,11,0,143,1.78,778.4,18.81
247808060,243732,108,651.01,6,0,138,1.66,891.83,17.96
250092622,265770,178,775.08,16,0,149,1.78,824.17,20.93
249102808,255624,135,828.66,6,0,141,1.72,836.24,18.4
125775720,129174,54,376.93,3,0,2,1.92,868.06,19.44
246103456,245875,113,714.12,10,0,145,1.96,876.4,19.24
254007652,252859,154,704.21,9,0,142,1.78,909.54,19.09
251605467,256656,136,703.82,17,0,147,1.9,814.28,17.79
252344231,260067,170,760.18,13,0,142,1.63,874.74,19.89
250780547,252632,147,763.14,15,0,143,1.68,819.72,20.5
246324951,245132,110,679.24,7,0,138,1.88,822.05,17.96
248006386,242597,103,696.48,10,0,142,1.72,887.5,20.1
253584690,269446,162,867.28,8,0,141,1.66,940.92,17.63
254161376,315578,280,905.45,13,0,143,1.64,848.27,19.24
244114866,242718,95,665.80,10,0,142,1.66,817.37,18.98
255644958,282433,275,841.23,20,0,146,1.95,909.59,20.9
246145527,245019,97,708.42,12,0,146,1.64,773.37,20.92
251027560,260212,143,789.74,9,0,140,1.92,855.34,17.79
