0.340608962
0.245251676
0.24679017
0.263436126
0.274439624
0.236062658
0.258455338
0.243999669
0.259701444
0.272333584
0.26527007
0.300098881
0.250611286
0.253983549
0.246198358
0.264135243
0.249344963
0.251346475
0.254620923
0.309530429
0.244466870
0.246436945
0.258380548
0.248389656
0.260079751
0.313695773
0.265710013
0.273621380
0.250071512
0.254035760
0.267799647
0.275779912
0.264664179
0.287871005
0.294122149
0.254960169
0.291994229
0.251724937
0.269267969
0.247105781
0.278258883
0.262220408
0.245233638
0.259661930
0.249306591
0.244462816
0.253554675
0.245391643
0.243789594
0.277619213
0.259704541
0.240098259
0.262094932
0.250526362
0.266066474
0.241143681
0.341752782
0.256888173
0.262906073
0.241575585
0.367145721
0.239943815
0.322452208
0.274729134
0.263393186
0.254129202
0.258864520
0.295871148
0.263399706
0.332978582
0.299937342
0.267771492
0.278247821
0.285272559
0.276632922
0.282251915
0.261644288
0.248323724
0.257545177
0.241544457
0.294560961
0.276016072
0.241247694
0.289952363
0.285670847
0.307758112
0.251863161
0.247580697
0.250339132
0.285589292
0.262312838
0.246155208
0.245026530
0.288301176
0.344281819
0.240340307
0.303516964
0.255085544
0.269529816
0.246229245