0.0071828
0.0098041
0.0072792
0.0075557
0.0082893
0.0061191
0.007681
0.0074465
0.0065506
0.0074466
0.0089731
0.0057904
0.0110152
0.0087132
0.0073927
0.0064479
0.0078392
0.0075164
0.0121581
0.0071077
0.0065727
0.0078919
0.007153
0.007881
0.007732
0.0054740
0.0070910
0.0075734
0.0077028
0.0072624
0.0063054
0.0116543
0.0060313
0.0078279
0.0072951
0.0069042
0.0084255
0.0090464
0.0064504
0.0077793
0.0075614
0.0092127
0.0072360
0.0054532
0.0138162
0.0077274
0.0069239
0.0072429
0.007207
0.0075725
0.0075178
0.0077260
0.0071201
0.0073040
0.0073368
0.0063910
0.0053914
0.0112357
0.0064027
0.0069225
0.0070612
0.0076563
0.0070339
0.0077388
0.0065308
0.0077388
0.0089888
0.0056028
0.0074224
0.0045428
0.0105057
0.0061965
0.0074308
0.0079598
0.0060819
0.0088885
0.0069983
0.0066683
0.0063072
0.0074145
0.0063667
0.0091667
0.0074301
0.0098779
0.0074079
0.0064657
0.0070553
0.0064533
0.0077699
0.0065706
0.0066743
0.0072673
0.0092645
0.0066262
0.0058103
0.0068336
0.0109067
0.0052831
0.0074990
0.0080616