1648624,35506,4,5.86,3,0,12
1718366,41602,8,6.66,3,0,11
1733487,42219,10,6.79,5,0,11
78879568,2536236,34,228.88,9,0,4851
1738011,41212,10,6.98,3,0,11
1744735,40949,12,6.69,6,0,11
75913192,2424061,33,225.26,4,0,4645
1735620,41115,8,6.67,5,0,11
1739204,41544,11,6.97,2,0,13
1738979,41368,10,6.55,4,0,13
1766612,45979,13,9.14,3,0,11
1745090,42019,13,7.02,4,0,11
1769040,45428,10,9.27,2,0,13
1741359,41326,10,6.53,2,0,11
1746197,41393,11,6.76,6,0,11
1764030,42132,10,7.26,8,0,11
1753420,42732,15,7.01,5,0,11
1767484,44028,11,8.33,3,0,13
1743451,41317,10,6.65,3,0,11
1794497,41715,13,7.24,4,0,11
1741920,40632,11,7.25,3,0,11
1774474,42235,16,7.17,6,0,11
1728840,40918,10,6.66,3,0,11
1740620,42231,11,7.12,2,0,11
1738759,42043,12,6.54,6,0,11
1724080,40558,8,6.24,3,0,11
1735201,41299,10,6.58,3,0,11
1764818,43715,16,7.82,3,0,11
1754690,42784,11,6.61,5,0,13
1773696,44675,11,7.91,1,0,13
1747173,41364,9,6.23,2,0,13
1744189,43043,11,7.26,3,0,11
1757299,43774,10,7.01,2,0,13
1751417,44210,16,7.50,5,0,11
1743724,42156,10,6.39,5,0,11
1743515,42607,9,7.15,2,0,13
1768209,42216,12,7.12,3,0,11
1734471,41237,10,6.58,4,0,11
1758523,42753,10,6.64,3,0,13
1744389,41445,10,6.22,2,0,11
1764304,44782,11,7.26,3,0,13
1738983,41400,10,6.34,1,0,11
1761857,43583,11,7.28,0,0,11
1749814,41975,9,6.73,0,0,11
1746102,42179,12,6.82,0,0,11
1743626,42387,12,7.41,2,0,11
1756790,42058,15,6.50,4,0,11
1771090,44344,12,7.94,2,0,11
1742105,41469,9,6.30,4,0,11
1746925,42526,12,6.41,5,0,11
1823597,46149,19,8.95,4,0,11
1746360,43276,10,7.17,2,0,11
1742136,43908,9,7.21,2,0,11
1745489,46060,7,8.07,3,0,11
1756311,42133,9,6.61,3,0,13
1782326,45529,12,7.18,7,0,11
1742775,42480,9,6.96,5,0,11
1739810,42734,11,6.59,1,0,11
1749195,42255,12,6.91,1,0,11
1749335,42182,10,7.24,6,0,11
1797428,42154,12,6.61,2,0,11
1767709,44447,11,9.71,1,0,11
1728762,41566,9,7.15,5,0,11
1757367,44434,12,6.83,2,0,11
1752005,42468,12,6.41,4,0,11
1737252,41909,13,6.42,4,0,11
1742658,41167,9,6.22,4,0,11
1753296,43673,14,7.02,4,0,11
1736812,42978,10,6.58,4,0,11
1735584,42049,13,6.86,3,0,11
1755917,43353,10,7.15,3,0,13
1738420,43807,11,7.03,3,0,11
1754075,44164,9,6.97,3,0,13
1743403,45333,15,8.21,1,0,11
1750449,42574,9,6.85,6,0,11
1750150,43641,10,6.50,2,0,11
1750417,41799,9,6.28,2,0,13
1751569,42585,10,6.06,2,0,13
1735963,41139,10,6.17,4,0,11
1749504,43351,8,6.57,5,0,13
1740570,41912,11,6.27,2,0,13
1740782,42038,9,6.66,2,0,13
1744914,42895,10,6.73,4,0,11
1736934,41496,8,6.31,1,0,11
1757018,43736,11,6.50,3,0,11
1739158,42028,10,7.06,5,0,11
1745474,41971,9,6.34,2,0,11
96971185,3167081,46,282.69,10,0,6367
1733526,41278,9,6.60,4,0,11
1738667,41534,14,6.30,3,0,11
1784609,46167,10,7.80,3,0,11
1747756,42197,11,6.41,1,0,11
1753836,42624,13,6.73,1,0,11
1752646,42577,11,6.51,3,0,11
1769502,44680,14,7.18,3,0,13
1783832,43163,17,7.22,2,0,11
1863310,43156,14,7.28,6,0,13
1743413,41861,9,6.19,4,0,11
1741281,42038,11,6.37,6,0,11
1758820,43612,9,7.35,4,0,13
27583961,537994,87,83.82,11,0,698
2644445,83787,23,12.37,8,0,18
2629724,75633,18,12.46,2,0,17
2617694,79132,19,11.06,2,0,18
2622895,81436,21,11.43,2,0,17
2602255,81380,20,11.49,4,0,17
2633614,81099,22,14.39,6,0,17
2626449,82375,21,11.12,3,0,18
2631052,81563,24,11.74,4,0,17
2610585,81152,20,11.35,1,0,17
2632508,81571,25,11.23,2,0,18
2653417,83134,24,12.46,6,0,18
2632273,79736,22,11.83,1,0,17
2679116,80496,28,12.11,4,0,18
2590608,78934,19,11.54,7,0,17
2637021,80595,27,12.34,5,0,18
2634874,81706,20,11.87,5,0,18
2648791,79350,29,11.80,4,0,17
2626618,81578,21,13.69,5,0,18
2651273,78599,21,13.57,4,0,18
2619049,77598,20,11.14,3,0,18
2618331,75025,24,11.35,4,0,18
2607497,78394,20,11.92,3,0,17
2600076,76693,19,12.71,7,0,17
2614586,75639,21,11.34,6,0,18
2620852,79623,20,12.38,3,0,18
2630513,79926,20,11.15,6,0,18
2649657,81673,25,12.94,6,0,18
2599736,79405,22,11.37,4,0,18
2620769,82853,21,11.78,1,0,17
2635276,77739,19,12.35,4,0,17
2599206,76264,18,11.09,3,0,17
2616861,77620,19,11.60,7,0,17
2623498,83141,23,12.43,5,0,18
2629533,81212,24,11.54,3,0,17
2647376,82657,22,12.42,7,0,17
2633632,81740,21,13.68,10,0,18
2614823,76588,17,10.80,0,0,18
2643167,86233,26,14.28,3,0,18
2619419,79344,22,11.62,2,0,17
2643794,81173,19,12.56,7,0,18
2628586,79787,21,11.11,3,0,17
2680295,82608,21,13.01,6,0,18
2625526,82395,21,11.40,3,0,18
2636075,80826,21,11.93,6,0,18
2611636,79726,21,11.51,1,0,18
2642223,81269,22,12.11,5,0,18
2604350,79215,26,11.02,3,0,17
2630272,81817,22,11.12,4,0,18
2603819,78677,18,10.94,3,0,18
2607872,75952,19,10.72,5,0,18
2627986,82745,19,11.49,3,0,17
2623292,75870,22,11.40,9,0,17
2614422,80793,20,11.05,1,0,17
2599540,80321,21,11.65,3,0,17
2615232,80620,24,11.80,3,0,18
2618023,73717,19,11.38,6,0,17
2623517,80097,18,11.75,3,0,17
2627444,78707,20,12.39,4,0,18
2629988,82029,19,12.02,6,0,18
2638526,79178,30,11.08,3,0,17
2615343,79593,20,10.73,8,0,18
2623049,79243,24,11.21,3,0,17
2624489,77727,20,11.34,4,0,18
2631461,78689,23,11.31,2,0,18
2627227,78546,22,11.05,4,0,17
2679002,82651,25,12.42,2,0,17
2601164,81023,21,11.29,7,0,17
2610913,79974,18,11.53,5,0,18
2619033,81875,20,11.55,5,0,17
2634439,83217,22,11.50,5,0,18
2629699,79245,21,15.30,2,0,18
2594760,77944,18,11.95,4,0,17
2604005,79876,18,11.43,4,0,18
2670227,83657,23,12.30,5,0,17
2610033,79519,20,10.82,6,0,18
2636926,78558,20,12.33,6,0,17
2623460,79026,19,11.57,7,0,18
2639327,82909,20,12.52,5,0,17
2609416,75608,20,11.09,6,0,18
2628963,82509,19,11.17,2,0,18
2630948,79582,22,11.95,9,0,18
2640490,83283,20,12.43,5,0,18
2624048,82618,20,11.90,1,0,18
2608706,79601,19,11.41,5,0,18
2626467,82275,20,11.79,6,0,17
2611966,81358,20,11.91,3,0,17
2693246,84534,27,12.54,3,0,18
2630826,77541,22,13.01,2,0,17
2612680,77962,18,12.42,3,0,18
2629335,78197,18,11.86,6,0,18
2635230,82556,22,12.50,3,0,18
2645874,82060,24,12.76,5,0,17
2607637,79307,25,11.08,4,0,18
2607847,79642,21,12.66,7,0,18
2628331,81642,20,12.23,7,0,18
2632373,81098,16,12.21,4,0,17
2619441,77433,17,10.79,4,0,18
2605902,79539,23,11.17,0,0,18
2607872,75952,19,10.72,5,0,18
1797829,44797,5,6.30,2,0,14
1819201,47506,11,6.64,5,0,13
1820502,46937,14,6.42,5,0,12
1816425,46775,9,7.41,5,0,13
1811980,45935,9,6.75,4,0,13
1796943,45294,7,6.23,5,0,13
1816559,46306,12,6.75,4,0,13
1805299,46429,10,6.97,5,0,12
71244100,2293281,33,210.43,5,0,4226
1808844,45672,12,6.53,1,0,13
1799928,45552,9,6.37,3,0,12
1805139,45859,8,6.31,2,0,12
1813648,48891,9,7.63,3,0,14
1810041,46049,11,6.52,3,0,14
1794131,45659,8,6.34,3,0,14
1810396,46665,8,7.25,2,0,13
1809794,46720,10,6.59,6,0,13
1828624,47620,15,6.64,4,0,15
1833830,47701,16,7.88,5,0,13
1788914,45383,9,6.70,3,0,13
1835011,48437,13,7.21,1,0,15
1818992,46574,10,7.37,3,0,14
1784702,44597,8,6.31,3,0,12
1795381,44370,9,7.83,3,0,13
1795739,45675,10,7.17,4,0,12
1815726,45311,10,7.18,2,0,15
1798597,44106,8,6.46,4,0,12
1806381,44772,12,6.50,4,0,12
1785660,45214,10,6.85,3,0,12
1851455,44525,16,7.36,4,0,12
1779185,43615,10,6.44,4,0,13
1856667,49627,13,8.75,4,0,15
1806337,45527,10,6.73,5,0,13
1824228,47460,17,7.79,5,0,15
1794910,44164,10,6.95,3,0,13
1794619,43873,11,6.78,6,0,12
1807328,46508,13,7.01,1,0,13
1827895,47375,9,7.53,5,0,16
1806547,45542,15,6.91,4,0,12
1786237,46009,14,6.90,2,0,12
1808880,46186,8,7.67,4,0,13
1807051,45162,11,7.44,2,0,13
1790385,44166,12,7.09,1,0,13
1804883,44365,10,7.03,5,0,13
1803255,45093,10,7.27,3,0,13
1808542,47602,10,8.52,2,0,14
1795311,45008,10,7.03,3,0,13
1812495,45732,8,7.51,1,0,13
1792398,45025,12,7.55,3,0,13
1795513,43767,9,6.62,3,0,12
1794851,44845,10,6.43,1,0,13
1800994,46587,16,7.52,2,0,13
1796637,44606,14,6.48,7,0,12
1810601,45992,9,7.81,5,0,13
1806176,46605,11,8.08,2,0,14
1822611,48358,15,6.94,5,0,14
1798189,44426,10,6.88,5,0,13
1781159,43749,9,6.93,1,0,13
1811821,45174,7,6.80,5,0,15
1797356,44960,10,6.70,3,0,12
1820864,47298,9,8.61,7,0,15
1789868,44321,10,6.62,4,0,15
1787360,43736,10,6.41,4,0,12
1790838,43904,11,7.24,2,0,12
1803043,45913,9,6.87,2,0,13
1800118,44346,10,6.55,4,0,13
1817951,46212,15,7.05,3,0,15
1802933,45301,11,7.02,5,0,13
1815482,47125,12,7.67,6,0,13
1808298,45756,12,7.97,3,0,13
1814984,46324,16,7.00,5,0,13
1799240,44320,10,6.65,4,0,12
1783443,42270,8,6.60,7,0,13
1807954,45478,9,7.54,3,0,14
1795135,43745,10,6.83,2,0,13
1793754,43770,9,7.30,4,0,13
1793268,43949,10,6.58,2,0,13
1800242,45608,11,7.88,2,0,12
1810720,45959,10,7.35,1,0,12
1806494,44627,9,6.75,1,0,15
1883536,45655,14,7.31,5,0,13
1808646,45483,9,6.77,3,0,12
1810524,45775,10,7.05,1,0,14
1811331,45757,13,7.03,2,0,13
1803886,46469,12,7.94,3,0,12
1796805,43804,13,6.84,3,0,13
1796987,44029,10,6.88,3,0,13
1798187,43941,14,6.39,4,0,13
1803877,45595,9,6.76,2,0,13
1805404,45020,10,7.59,6,0,13
1794893,44743,10,6.48,3,0,13
1784809,43659,9,6.84,6,0,12
1809037,44296,9,6.85,2,0,15
1796984,44758,8,6.48,4,0,13
1796145,44841,9,6.80,4,0,13
1786881,45111,12,6.62,3,0,12
1795636,45049,8,6.72,6,0,14
1802577,45040,14,6.90,6,0,13
1821688,45604,16,6.89,2,0,15
1794851,44845,10,6.43,1,0,13
1647583,38143,5,5.77,2,0,10
1730644,44726,8,6.47,3,0,10
1739321,44784,10,6.46,3,0,10
1721825,44244,10,6.72,7,0,10
1737695,44226,9,6.49,5,0,10
1729932,43204,8,6.11,4,0,10
1749320,46909,11,6.63,1,0,12
1739430,44270,10,7.34,4,0,12
1730583,45737,10,7.02,2,0,10
1719784,43894,9,6.07,5,0,10
1731043,43468,11,6.35,5,0,10
1739511,44567,8,6.35,5,0,12
1755339,46732,11,8.11,3,0,10
1731948,43553,8,6.34,3,0,10
1756280,44678,10,7.03,4,0,12
1712825,41864,9,6.42,5,0,10
1747109,44790,12,6.55,4,0,12
1710418,42687,9,6.30,4,0,10
1716682,42986,12,6.33,7,0,10
1732852,43445,11,6.38,4,0,10
1714869,43845,8,6.17,2,0,10
1730968,42615,8,6.37,7,0,12
1735658,43512,11,6.44,3,0,12
1737701,44149,11,7.36,3,0,10
1723413,42725,11,6.74,4,0,10
1739882,43326,10,6.60,5,0,12
1730647,43453,10,6.99,2,0,10
1709420,42900,8,6.66,6,0,10
1725664,43069,11,7.25,3,0,10
94436313,3092600,38,278.73,12,0,6117
1710791,41883,10,7.20,5,0,10
1771948,45523,17,8.46,5,0,10
1740678,44758,15,7.02,1,0,10
1716666,43059,8,6.99,2,0,10
1716328,43115,9,6.47,7,0,10
1723614,43208,9,6.68,6,0,10
1706468,41520,10,7.24,6,0,10
1701598,42416,11,6.65,2,0,10
1709761,41404,9,6.69,5,0,10
1738479,44063,9,7.11,4,0,12
1724453,42812,8,6.71,0,0,10
1726698,44284,10,6.68,4,0,10
1713292,41800,13,6.19,4,0,10
1709447,42485,13,6.56,4,0,10
1725811,41737,12,6.47,4,0,10
1738276,45511,11,7.57,6,0,10
1706015,41703,10,6.13,5,0,10
1716152,41960,9,6.44,0,0,10
1714541,41998,10,6.64,3,0,10
1728046,43772,11,7.95,3,0,12
1725095,42779,11,7.00,2,0,10
1738961,43417,11,7.17,4,0,10
1732291,43637,12,7.21,5,0,10
1737542,43532,15,6.93,6,0,10
1708854,42472,10,6.18,4,0,10
1742871,42438,15,6.54,3,0,12
1736915,42540,11,6.88,3,0,12
1715621,43038,10,6.11,3,0,10
1728311,42501,11,7.02,6,0,12
1719568,42159,8,6.56,4,0,10
1706589,44271,9,8.76,5,0,10
1765775,44722,13,8.17,2,0,10
1747305,44692,10,6.74,5,0,10
1702723,41402,10,6.21,3,0,10
1711173,42444,8,6.52,3,0,10
1743060,44050,14,8.33,6,0,10
1740497,43261,13,7.34,5,0,10
1702003,42408,9,6.80,1,0,10
1714951,42160,10,6.47,9,0,10
1730361,43572,11,7.69,2,0,10
1712979,42254,12,6.49,2,0,10
1719265,42442,15,6.30,4,0,10
1728341,42531,12,6.48,4,0,12
1718026,43797,10,7.98,3,0,10
1719128,42913,9,6.88,5,0,10
1716317,42245,9,6.46,6,0,12
1716738,41980,13,6.66,3,0,10
1730288,42844,10,6.75,6,0,10
1731929,43126,10,6.50,7,0,12
1722808,43273,14,6.94,3,0,10
1716536,43262,9,7.23,7,0,10
1745260,43472,11,6.51,6,0,10
1706937,41032,8,6.33,4,0,10
1727000,42918,11,6.74,5,0,10
1709703,41392,8,6.46,3,0,10
1716335,42532,11,6.85,3,0,10
1748116,45255,14,7.23,4,0,10
1708404,40949,10,6.03,2,0,10
1724838,42638,11,6.71,3,0,10
1715796,43065,9,6.54,2,0,10
1723803,42523,10,6.46,4,0,10
1718338,42771,8,6.26,4,0,10
1730125,43809,12,7.05,3,0,10
1744241,45608,9,9.37,3,0,12
1725923,42970,9,8.48,3,0,10
1743181,41615,16,6.69,5,0,10
1724308,46129,13,8.58,3,0,10
1726167,42304,8,6.65,5,0,10
1729566,42288,9,7.08,5,0,10
1725095,42779,11,7.00,2,0,10
1654160,39085,3,5.24,1,0,10
1697345,41178,10,6.37,5,0,10
1732009,45163,16,7.86,2,0,12
1670477,40697,7,6.35,5,0,10
1675631,40972,10,5.93,4,0,10
1670947,39247,15,6.10,1,0,10
1646770,39845,8,6.08,5,0,10
1663490,41192,9,6.07,5,0,12
1676018,40871,10,6.64,6,0,10
32561506,1002680,32,96.98,6,0,1596
1670046,41301,13,7.55,2,0,10
1658086,41892,9,6.71,3,0,10
1666219,40363,11,6.22,2,0,10
1680720,41197,12,6.36,5,0,10
1672741,40800,12,6.28,2,0,10
1669682,40481,11,7.04,1,0,10
1673112,40646,10,6.26,4,0,12
1674344,43418,9,6.99,6,0,12
1704615,39028,13,6.34,4,0,10
1658529,39771,11,6.43,2,0,10
1651720,39409,8,6.29,7,0,10
1682508,41707,11,6.41,1,0,12
76806001,2473335,37,234.48,6,0,4661
1662027,40198,9,6.12,4,0,12
1657736,39717,8,6.47,3,0,10
1654213,39849,9,6.47,2,0,10
1699609,39719,11,6.20,1,0,10
1684333,41243,13,6.74,5,0,12
1652585,38839,10,5.80,0,0,10
1667869,40344,10,6.32,2,0,10
1666143,39311,10,6.26,4,0,10
1662418,39820,10,6.12,2,0,10
1676939,41391,11,7.02,6,0,10
1659516,38856,13,6.02,3,0,10
1652717,40593,9,6.66,6,0,10
1671954,39643,10,6.37,4,0,12
1666206,40487,12,6.06,4,0,10
1689024,40853,10,6.84,4,0,10
1663301,39237,13,6.11,4,0,10
1668658,40916,14,6.70,1,0,10
1637920,38470,8,5.90,2,0,10
1665506,39495,11,6.86,5,0,10
1663135,38855,10,6.03,2,0,10
1669116,38715,10,6.06,6,0,12
1652634,38537,11,6.30,3,0,10
1651276,39546,15,6.32,6,0,10
1655616,37539,14,6.18,3,0,10
1652311,39808,10,6.99,2,0,12
1666658,40155,12,6.42,3,0,12
1666484,38930,9,6.29,4,0,12
1657361,38689,9,6.20,2,0,10
1659028,39773,9,6.40,4,0,10
1662037,39399,17,7.71,3,0,10
1644365,35987,10,6.01,3,0,10
1647218,38183,13,7.34,0,0,10
1647092,37617,10,6.88,5,0,10
1630437,37366,9,6.44,2,0,10
1636804,37663,10,6.03,6,0,10
1670016,39365,12,6.80,2,0,12
1656656,37544,11,6.28,3,0,10
1661793,38832,9,7.02,3,0,12
1764250,40143,22,6.72,3,0,10
1634045,38011,9,6.09,4,0,10
1652942,37814,14,6.17,3,0,10
1643935,37553,8,6.88,1,0,10
1659879,38084,12,6.00,7,0,10
1643359,38238,8,6.32,3,0,10
1674197,42796,12,7.21,5,0,10
1673042,40298,16,7.78,3,0,10
1666948,39113,11,7.34,1,0,12
1676960,41885,20,7.70,5,0,10
1653262,38733,9,6.17,0,0,10
1653396,40037,11,6.30,2,0,10
1669357,39574,15,6.65,6,0,10
1654886,39200,12,6.25,3,0,10
1643112,38102,10,5.96,4,0,10
90963128,2949002,47,262.31,8,0,5688
1646396,37977,8,5.99,4,0,10
1668596,39385,11,6.51,5,0,10
1666724,39708,11,6.57,3,0,12
1681806,40632,12,7.25,4,0,12
1651494,38545,8,6.17,2,0,12
1647531,37968,10,6.26,3,0,10
1646922,37831,9,6.16,5,0,10
1663174,40154,11,6.84,7,0,10
1635756,38976,9,6.80,3,0,10
1648555,37757,10,6.26,4,0,10
1659721,39963,10,7.17,3,0,10
1642154,39036,11,6.38,5,0,10
1649765,39236,10,6.02,5,0,10
1646467,38158,9,6.15,2,0,10
1656827,39023,12,6.40,3,0,10
1639938,38550,9,6.51,4,0,10
1647081,37285,11,5.96,5,0,10
1672844,41106,9,7.44,1,0,12
1656776,39682,11,6.42,4,0,10
1663172,39286,9,6.63,5,0,12
1693236,40228,15,6.28,5,0,12
1692417,38661,10,6.40,7,0,10
1657361,38689,9,6.20,2,0,10
2452440,84108,15,10.76,5,0,18
2494972,86056,18,10.84,0,0,17
2497425,84564,17,11.76,3,0,18
2497542,86298,23,11.59,3,0,18
2581062,88554,28,13.30,4,0,18
2518660,86661,22,11.77,5,0,17
2461472,83196,22,11.34,3,0,16
2495700,81527,19,11.44,5,0,16
2480656,85072,19,11.19,8,0,16
2461038,78603,19,10.84,6,0,18
2484832,80668,20,11.16,2,0,18
2488222,86488,19,11.07,6,0,18
2469567,81660,24,11.38,5,0,18
2467057,83026,18,10.89,4,0,18
2460431,80474,19,10.83,3,0,17
2466975,83258,20,12.16,6,0,17
2464431,82410,19,10.97,5,0,18
2457613,76337,20,11.74,6,0,17
2461892,81724,25,11.28,4,0,18
2485767,82173,20,11.25,2,0,18
2486692,79664,18,13.29,6,0,17
121008800,4086255,64,378.52,5,0,7567
2493631,84862,20,12.14,4,0,17
2465532,82094,24,11.37,0,0,18
2468765,78105,25,10.86,2,0,17
2451241,83057,19,11.42,5,0,17
2476347,83531,27,12.36,10,0,18
2502229,81834,20,11.86,6,0,17
2496496,79345,22,12.74,6,0,18
2478088,81877,19,12.64,6,0,18
2532680,81585,29,12.50,4,0,17
2465630,81967,17,10.82,1,0,18
2472721,83133,17,10.91,5,0,18
2470447,80379,25,10.75,7,0,17
2475727,82867,21,11.79,8,0,18
2463434,80275,23,11.76,5,0,18
2477001,82663,22,11.49,4,0,18
2446995,81509,18,10.54,2,0,17
2484094,80209,24,11.45,2,0,18
2503801,82394,19,11.14,3,0,17
2478843,80759,23,11.81,4,0,18
2451226,79698,23,10.92,8,0,18
2444595,80008,20,10.65,6,0,18
2466519,81041,20,12.06,4,0,18
2480914,83451,25,11.89,5,0,17
2469487,83015,22,11.70,1,0,17
2473253,83619,21,11.79,4,0,16
2436749,81130,22,10.88,3,0,18
2458832,82726,19,11.25,5,0,18
2474516,85302,22,12.84,4,0,18
2453415,81512,18,10.70,2,0,18
2486576,82001,22,12.61,4,0,18
2464864,76940,18,10.98,3,0,17
2469839,80331,25,12.58,3,0,18
2460308,79597,19,11.40,4,0,18
2475203,81367,25,11.36,4,0,18
2491294,78853,24,12.05,5,0,17
2469496,76407,18,11.33,2,0,17
2457404,77663,19,11.08,4,0,18
2464776,81759,20,11.42,2,0,17
2466070,82843,22,11.52,4,0,16
2468254,81132,19,11.45,2,0,18
2483635,82773,24,12.32,4,0,17
2457157,78567,20,10.95,7,0,17
2500937,79447,19,12.03,6,0,16
2479135,81667,22,11.86,6,0,18
2472896,84321,20,12.66,5,0,18
2487496,84989,22,11.87,8,0,17
2471598,81976,23,11.02,3,0,18
2468845,80649,22,11.26,5,0,17
2472587,77778,23,11.27,2,0,18
2477190,82999,21,11.47,6,0,17
2468854,82673,17,11.26,5,0,17
118838734,3944348,45,354.87,7,0,7355
2482734,81284,23,12.23,5,0,18
2448537,79016,19,11.50,3,0,17
2474023,79465,17,11.09,2,0,17
2451234,83188,21,11.41,6,0,18
2473210,80530,19,11.22,6,0,18
122611770,4086073,46,361.38,5,0,7687
2477093,81315,19,11.43,2,0,17
2468510,80002,19,10.94,5,0,17
2449761,80841,18,11.30,2,0,18
2478240,81445,20,12.02,2,0,18
128018120,4285286,47,383.88,7,0,8237
2482188,80869,19,11.05,5,0,17
2487121,82936,22,11.64,4,0,18
2493031,82744,21,13.37,5,0,18
2452370,81982,17,11.00,6,0,16
2471923,82476,21,11.31,1,0,18
2459080,81910,19,11.38,5,0,18
2464825,79561,20,12.56,5,0,18
2461648,81367,18,11.02,3,0,18
2469022,82967,21,11.25,4,0,17
2478076,82668,19,12.28,5,0,18
2472967,78525,21,11.57,5,0,17
2577418,83479,31,12.90,5,0,18
2482049,82302,26,11.35,6,0,18
2476221,80562,23,11.18,3,0,17
2453415,81512,18,10.70,2,0,18
2267355,65159,15,11.31,2,0,8
2189034,59498,14,9.61,3,0,7
2180971,59377,21,10.84,2,0,6
2181250,60021,15,10.20,6,0,6
2174191,59746,21,11.46,5,0,7
2189517,60612,20,9.97,8,0,7
2218305,60081,19,12.22,5,0,6
2168541,58684,20,9.48,9,0,7
2205485,60369,20,10.58,7,0,8
2195422,59727,20,10.66,3,0,6
2211065,61334,23,11.64,4,0,8
2181370,57078,15,9.70,3,0,8
2198899,61200,17,10.63,5,0,8
2200868,59611,24,10.60,3,0,8
99495963,3233189,55,298.46,10,0,6213
2182448,60238,15,10.39,4,0,6
2216824,59942,20,10.57,9,0,6
18317247,616189,47,66.08,9,0,847
95227351,3119143,55,289.44,13,0,5936
2195772,60197,24,10.11,6,0,6
2196192,60531,17,11.28,6,0,7
2212538,61671,15,11.32,3,0,8
2187019,58643,19,9.62,8,0,8
2208034,60425,20,10.34,8,0,7
2199112,57836,19,9.52,5,0,6
2170912,60241,17,10.66,7,0,7
2202373,58924,20,9.37,5,0,7
2199019,60665,20,10.28,6,0,8
2224911,63834,17,10.69,3,0,7
2191740,59826,19,9.43,2,0,8
2235266,61125,20,10.04,4,0,8
2188344,58062,16,9.23,7,0,7
2194846,61369,15,10.45,4,0,8
101387217,3295147,45,299.40,7,0,6395
2195184,60481,20,9.75,4,0,8
2207083,57873,21,9.80,5,0,7
111138269,3667538,58,343.12,11,0,7307
2180166,61135,16,10.70,4,0,8
2208535,62787,18,10.97,4,0,7
2188249,59223,20,9.75,8,0,7
2187590,58950,16,9.23,5,0,7
64963945,2037180,42,195.99,4,0,4080
2218444,61185,17,9.99,4,0,8
2199783,62862,18,11.30,5,0,8
2196301,60771,19,10.07,5,0,7
2182724,59134,16,9.34,4,0,7
2213733,60190,18,10.31,6,0,6
2184207,58924,14,9.37,5,0,8
2186472,60384,17,9.46,7,0,8
2227048,63210,21,11.03,2,0,8
2201423,60193,19,10.01,7,0,7
2207357,59279,23,9.82,3,0,6
2194403,59168,17,9.43,5,0,7
2193415,60595,16,9.64,9,0,9
2209229,61709,17,10.37,4,0,7
2189438,59991,17,9.37,3,0,7
2278903,61145,26,10.57,5,0,8
2193246,60075,14,9.96,4,0,6
2226399,60828,20,10.73,5,0,8
2210269,57941,19,10.49,3,0,7
2190015,60770,16,9.53,6,0,7
2198796,60505,15,9.85,6,0,6
2224775,61365,18,10.34,6,0,8
2200923,59797,16,9.99,9,0,7
2213168,60357,23,9.96,6,0,6
2200899,60019,18,9.56,4,0,6
2203631,59842,16,9.56,1,0,8
2188731,59920,18,9.66,5,0,8
2202857,60361,16,10.05,5,0,6
2206129,60607,14,9.47,3,0,8
2179390,59288,15,9.99,5,0,8
2211629,62176,15,10.17,7,0,7
2206967,60401,19,9.99,5,0,7
2186862,60549,17,9.15,8,0,8
2201752,60851,16,9.87,5,0,8
2199235,58860,18,9.28,3,0,7
2201834,61145,14,9.62,3,0,8
2216354,62203,23,9.97,5,0,7
2198696,61014,24,10.98,4,0,6
2198880,60391,17,9.72,4,0,6
2242626,61676,18,10.47,2,0,8
2202798,60401,15,9.26,4,0,8
2202290,59365,14,9.22,5,0,7
2195812,61978,16,9.32,4,0,7
2189076,60146,17,9.53,5,0,7
2211586,60370,20,10.10,3,0,8
2194252,59531,13,9.98,3,0,8
2214734,59710,18,9.57,7,0,7
2211951,61994,17,9.71,1,0,7
2213969,63403,23,10.95,4,0,7
2204182,59019,16,9.12,6,0,8
2224226,64412,19,10.46,4,0,6
2211572,61674,17,9.79,6,0,7
2198087,59908,15,9.46,9,0,7
2324602,62617,26,10.23,7,0,6
2213094,61139,18,10.07,4,0,6
2207641,58824,16,9.62,4,0,7
2195446,61614,19,9.56,3,0,7
2195546,59833,18,9.67,4,0,8
2227048,63210,21,11.03,2,0,8
2719946,107936,21,13.32,4,0,42
2654075,102719,25,12.81,4,0,41
2663995,95072,27,58.73,7,0,41
2879067,103120,33,35.71,3,0,41
113650825,3876576,54,391.72,7,0,7151
120975540,4127731,57,419.43,6,0,7652
2668158,99169,27,17.11,5,0,41
2634628,94393,31,13.06,3,0,41
2640286,85746,28,13.96,3,0,41
2639641,99024,25,14.39,7,0,42
2653976,95328,30,14.61,6,0,41
2648135,98486,24,13.12,6,0,41
2664484,96104,24,14.87,7,0,42
2674593,93718,37,14.12,2,0,41
2673340,101809,27,14.09,8,0,41
2652523,97431,26,13.90,1,0,41
2654436,101442,24,13.10,3,0,41
2638533,97540,29,14.13,3,0,41
2760043,96812,33,13.60,7,0,41
130374086,4447363,93,429.46,9,0,8534
2651356,100249,26,13.35,7,0,42
2652243,102697,30,12.91,4,0,41
2666586,103680,28,13.31,2,0,41
2667087,94496,31,14.99,5,0,41
2636861,100474,26,12.98,6,0,41
2649140,99714,25,13.83,5,0,41
2691673,97775,35,13.46,4,0,41
2648722,98428,24,13.83,4,0,41
116079016,3985637,63,444.38,9,0,7291
2644938,92102,22,12.80,5,0,41
2640016,98630,28,14.31,6,0,41
2650629,99817,27,13.35,5,0,41
2633080,98642,25,12.73,2,0,41
2675264,98857,30,13.14,4,0,41
2646458,85833,23,13.92,0,0,42
2665175,98712,29,14.57,7,0,41
2632665,97274,24,12.81,5,0,41
2699519,95842,32,14.01,4,0,41
2656076,87819,29,12.88,3,0,41
123771251,4163703,75,430.05,5,0,7838
2653858,100905,28,13.39,5,0,41
2648957,94687,29,14.90,6,0,41
2645016,83245,26,13.18,5,0,41
86276083,2857452,61,278.55,6,0,5351
105093893,3791635,67,448.08,10,0,6548
2661954,93367,26,13.98,8,0,42
2640254,96685,25,13.97,5,0,41
117846291,4000328,66,371.12,10,0,7430
2664623,101107,27,13.84,6,0,41
90597437,2985466,51,277.72,11,0,5692
2635222,99411,26,13.23,10,0,41
127869035,4346134,58,419.97,11,0,8318
2648329,100297,23,14.14,5,0,41
2662740,103515,27,14.53,4,0,41
2659313,103404,24,13.93,7,0,41
132389868,4582361,78,533.67,7,0,8630
2658857,99472,27,17.62,7,0,41
2654926,97963,25,12.94,7,0,41
2653396,99734,24,13.91,4,0,41
2648229,95444,26,12.83,5,0,41
2649303,101256,23,13.96,5,0,41
2655612,100235,29,13.25,2,0,41
2660919,94879,27,13.36,9,0,41
2648410,102907,27,14.11,4,0,41
2637070,89572,23,12.91,1,0,41
2631000,97704,27,13.29,4,0,41
114878383,3916510,55,405.01,17,0,7248
2677242,103363,29,14.19,3,0,41
2629198,87769,25,12.68,5,0,41
2688345,86822,28,16.74,6,0,41
2637129,84249,23,13.18,8,0,41
2660464,101929,26,14.27,11,0,41
2647312,100127,27,22.85,3,0,41
2655202,98290,27,14.30,8,0,41
2635849,98664,25,12.79,8,0,41
2627250,96109,28,14.30,6,0,41
2658409,101849,32,13.32,2,0,41
122500086,4239132,85,444.52,13,0,7797
2647801,88119,27,14.45,3,0,41
2640895,98933,28,13.21,6,0,41
2643872,101055,26,17.74,7,0,41
2680537,90070,26,13.81,7,0,41
127963633,4410186,66,405.38,8,0,8348
2645738,90684,25,13.31,7,0,41
2665007,100401,30,15.21,7,0,41
2652721,101358,26,15.38,7,0,41
24666229,866103,48,120.99,11,0,1229
2637683,98883,23,13.29,5,0,41
2645969,98348,27,17.31,4,0,41
2646855,102779,24,13.96,3,0,41
2630060,98201,24,12.89,4,0,41
2714090,102840,31,17.45,8,0,41
2629780,94726,22,13.78,1,0,41
2671364,93467,30,13.14,8,0,41
2628768,100801,25,13.16,2,0,41
2653880,100733,25,12.90,6,0,41
2629038,87443,28,12.78,4,0,41
2662219,86823,30,13.51,3,0,41
2674801,90131,30,13.20,7,0,41
2635222,99411,26,13.23,10,0,41
2590716,89075,19,12.00,8,0,20
2535318,89150,29,13.09,5,0,20
2554616,90304,27,12.59,5,0,20
11387920,402204,50,54.90,8,0,523
2551120,94442,24,16.21,3,0,20
2545717,86028,28,15.43,10,0,20
79258471,2784960,62,295.49,12,0,4697
2528239,83805,20,11.98,4,0,21
2525248,86914,24,12.67,5,0,21
2553753,88697,22,13.04,5,0,22
2537714,91305,23,12.76,7,0,21
2525760,91288,24,12.52,6,0,20
124297342,4393012,103,520.23,11,0,7744
2532962,88270,24,12.02,5,0,21
2531760,86549,25,12.55,5,0,21
2522190,85549,23,11.58,9,0,21
2566864,89556,29,13.77,9,0,20
2538674,87384,21,12.35,7,0,21
2511920,87863,20,13.61,5,0,20
2537537,85716,20,12.46,3,0,21
2552885,84185,25,14.89,5,0,21
2514708,80609,25,13.98,4,0,21
2524341,86852,22,13.66,5,0,20
2544532,87575,28,12.63,10,0,21
109797788,3733843,60,395.98,10,0,6672
2627679,88511,30,13.30,2,0,21
2508513,82356,19,12.07,5,0,20
2557565,87042,24,13.22,1,0,21
2551141,92957,30,15.17,4,0,21
2519300,87334,25,13.07,6,0,21
33976457,1216110,41,115.85,12,0,1931
110965386,3852845,51,442.42,8,0,6787
2521674,90887,23,19.50,7,0,21
2522079,85529,23,11.89,3,0,21
2509693,83511,26,11.42,3,0,20
2543878,89053,24,13.78,5,0,21
2521666,86199,27,11.95,6,0,21
2536003,85092,23,12.57,9,0,20
2545955,89958,21,14.05,6,0,20
2537650,87208,23,12.42,0,0,21
2544300,85658,25,12.90,4,0,21
2547222,89055,26,13.93,6,0,21
2557692,88272,29,13.79,9,0,21
2529820,82560,25,12.53,5,0,21
2538753,88644,26,12.49,7,0,21
2522572,84554,21,12.10,5,0,20
2561026,91072,27,14.82,5,0,20
2532794,91068,23,16.75,12,0,20
2588287,91056,26,20.33,2,0,21
2529475,83998,23,13.88,8,0,20
2542306,87433,26,13.04,4,0,21
116307490,3985251,50,439.00,10,0,7167
2528813,90334,23,31.12,7,0,21
2515267,88772,26,16.25,4,0,21
2523489,83798,22,12.66,4,0,21
102343930,3567787,54,415.83,11,0,6131
2522552,85418,27,14.25,4,0,20
2524383,81326,23,13.46,5,0,21
2532563,83373,22,14.01,9,0,21
2517497,88598,22,13.47,5,0,21
2530380,86071,22,13.55,3,0,20
2528709,88246,22,14.06,7,0,20
2534511,86389,23,13.10,7,0,21
2569505,90236,33,17.66,7,0,21
2515039,85915,21,13.95,4,0,20
2538824,86127,23,15.07,7,0,21
2534828,90489,23,15.96,6,0,21
2540781,88889,27,14.60,8,0,21
2510370,86305,21,15.15,5,0,20
2527141,86321,25,14.46,4,0,21
118474901,4030717,59,442.05,8,0,7314
99432721,3331114,47,312.89,10,0,6040
2531420,89075,22,14.07,2,0,20
2523692,86985,22,13.12,6,0,20
2533832,89494,25,14.98,9,0,21
2518892,88081,25,12.49,2,0,21
2541793,89996,30,13.55,9,0,20
2561097,90321,28,14.74,10,0,20
2523911,84176,25,13.29,7,0,20
2529138,84123,22,13.49,7,0,21
2557596,86956,24,14.74,9,0,21
2525001,84072,23,12.04,10,0,21
2518989,88990,21,12.53,7,0,20
2537747,87257,25,13.55,4,0,20
2537987,84611,22,14.80,6,0,21
41693275,1500435,49,163.20,5,0,2453
2518707,82791,19,13.49,6,0,20
2533388,84685,23,13.01,8,0,20
118654910,4080858,63,406.86,7,0,7317
114716227,3933257,51,413.19,8,0,7106
2523096,86132,22,14.81,9,0,21
2531073,89148,30,17.08,5,0,21
2522959,88073,21,13.88,6,0,21
2545997,89906,23,15.71,10,0,20
2562399,85802,32,14.52,2,0,21
2925685,93183,22,41.00,10,0,21
121470793,4144598,51,412.03,10,0,7629
2536937,86805,24,14.03,4,0,21
2540869,88105,27,15.93,7,0,20
2529475,83998,23,13.88,8,0,20
266064113,330616,363,1011.59,15,0,357
244018611,245890,100,688.41,8,0,141
253916744,249358,106,712.63,5,0,138
257519254,257767,166,725.23,7,0,144
256281205,259495,150,759.69,20,0,140
242522026,244435,88,653.46,6,0,135
255746064,257270,215,712.17,7,0,142
243739792,246079,104,682.86,5,0,144
236295887,254340,221,669.30,12,0,142
246425681,259212,183,722.92,10,0,141
250844912,259034,237,677.00,13,0,140
249647825,265959,265,758.95,7,0,137
255951535,253565,146,698.82,9,0,147
239916173,246680,108,701.35,10,0,141
249433154,251858,156,673.13,14,0,137
249206710,250082,121,705.18,11,0,144
252953548,256950,205,662.96,12,0,139
242025490,249826,100,673.05,7,0,142
249354614,247324,115,710.33,5,0,143
246966060,275454,261,674.13,15,0,144
249354990,245450,106,686.34,8,0,142
245213974,245320,98,669.39,7,0,144
190993182,192067,96,573.57,9,0,41
246936656,248691,113,704.96,10,0,136
250376688,248130,107,729.23,6,0,142
244612336,278844,262,852.65,17,0,145
246303910,250782,111,765.10,9,0,139
251907002,263002,136,798.86,12,0,143
239329831,251790,130,676.56,7,0,144
252041144,251084,125,721.94,10,0,140
247746967,257773,116,767.81,9,0,141
244411384,265512,183,730.45,13,0,140
242482653,249005,115,742.58,13,0,144
256713682,270354,158,854.52,9,0,144
247158877,277468,207,770.83,12,0,139
254990709,251160,123,704.53,12,0,143
257707970,271395,234,780.84,20,0,146
84222149,76133,63,223.34,4,0,39
250404166,271352,291,697.02,8,0,147
245185341,245115,132,703.01,6,0,137
80276082,81442,69,233.50,7,0,40
251475557,258583,147,742.17,10,0,139
252869101,256444,162,692.85,14,0,138
251034600,250397,110,730.76,15,0,142
249076548,247142,214,715.72,6,0,144
252446350,248180,107,691.60,14,0,141
254203513,253387,153,722.20,9,0,144
242002788,241726,104,657.62,8,0,137
245360979,245124,138,649.59,10,0,144
249314489,260014,172,774.17,5,0,145
251027560,260212,143,789.74,9,0,140
253609560,259103,195,709.83,15,0,143
248257717,246835,127,668.79,10,0,149
250656259,252039,106,738.28,12,0,141
250677047,249372,113,710.52,11,0,140
248174137,256650,130,754.86,9,0,143
249067171,244366,105,670.61,6,0,145
251575888,273945,269,833.87,13,0,141
254466266,262604,152,684.15,18,0,142
240818057,247062,115,730.66,5,0,141
245484468,247847,102,663.89,11,0,146
250735107,264614,214,846.74,12,0,141
255973406,250849,138,680.67,8,0,142
251247566,296048,347,871.46,9,0,145
250724203,262899,196,742.00,19,0,143
244757165,256901,150,657.59,15,0,147
254577015,258448,133,718.65,10,0,142
254266957,258220,128,764.07,8,0,141
253814873,273284,240,773.31,21,0,141
253849498,255744,136,719.18,8,0,141
255532848,301652,282,889.91,15,0,141
249216696,267986,130,886.60,8,0,142
253269810,260462,152,761.17,13,0,144
252841088,265624,126,809.63,12,0,142
209241137,220190,254,623.17,15,0,132
247106296,265073,226,699.99,18,0,142
251706040,250295,123,790.89,6,0,142
250894900,251681,115,741.48,15,0,141
248279929,248957,174,685.91,10,0,140
254088245,249518,136,725.93,8,0,139
252992377,249678,143,671.81,14,0,142
244363859,268611,217,764.45,10,0,142
251830159,278977,254,787.93,11,0,143
247808060,243732,108,651.01,6,0,138
250092622,265770,178,775.08,16,0,149
249102808,255624,135,828.66,6,0,141
125775720,129174,54,376.93,3,0,2
246103456,245875,113,714.12,10,0,145
254007652,252859,154,704.21,9,0,142
251605467,256656,136,703.82,17,0,147
252344231,260067,170,760.18,13,0,142
250780547,252632,147,763.14,15,0,143
246324951,245132,110,679.24,7,0,138
248006386,242597,103,696.48,10,0,142
253584690,269446,162,867.28,8,0,141
254161376,315578,280,905.45,13,0,143
244114866,242718,95,665.80,10,0,142
255644958,282433,275,841.23,20,0,146
246145527,245019,97,708.42,12,0,146
251027560,260212,143,789.74,9,0,140
