0.0000318
0.0000300
0.0000317
0.0000303
0.0000290
0.0000305
0.0000303
0.0000300
0.0000304
0.000029
0.0000308
0.0000300
0.0000308
0.0000317
0.0000292
0.0000307
0.0000314
0.000030
0.0000322
0.0000296
0.0000306
0.0000293
0.000030
0.0000297
0.0000296
0.0000315
0.0000298
0.0000291
0.0000298
0.0000308
0.0000291
0.0000326
0.0000324
0.0000309
0.0000346
0.0000298
0.0000309
0.0001418
0.0000303
0.0000296
0.0000299
0.0000291
0.0000713
0.0000295
0.0000317
0.0000300
0.0000302
0.0000303
0.0000298
0.0000301
0.0000323
0.0000303
0.0000312
0.0000310
0.000031
0.0000308
0.0000310
0.0000305
0.0000305
0.0000308
0.0000303
0.0000298
0.0000300
0.0000310
0.00003
0.0000303
0.0000313
0.0000310
0.0000307
0.0000310
0.0000308
0.0000319
0.0000429
0.0000438
0.0000325
0.0000298
0.0000381
0.0000291
0.0000310
0.0000310
0.0000308
0.0000301
0.0000324
0.0000307
0.0000305
0.0000441
0.0000291
0.0000298
0.0000305
0.0000293
0.0000317
0.0000712
0.0000308
0.0000290
0.0000317
0.0000324
0.0000308
0.000031
0.0000295
0.0000304
0.0142654
0.0042670
0.0030889
0.0036828
0.0039601
0.0038993
0.0036596
0.0038707
0.0040535
0.0039212
0.0037480
0.0039871
0.0041615
0.0039928
0.0040777
0.0036025
0.0037590
0.0035316
0.0038285
0.0040901
0.0037435
0.0028990
0.0032351
0.0034272
0.0035787
0.0034718
0.0034218
0.0048788
0.0036161
0.0037472
0.0026796
0.0032858
0.0035174
0.0035263
0.0037711
0.0034914
0.003809
0.0031566
0.0047191
0.0043325
0.0034893
0.0042259
0.0036307
0.0038357
0.0036784
0.003618
0.0035422
0.0037682
0.0038400
0.0037432
0.0036411
0.0030942
0.0035476
0.0037706
0.0036659
0.0027198
0.0035343
0.0032744
0.0034915
0.0030673
0.0034276
0.003488
0.0037781
0.0031693
0.003555
0.0041718
0.0036049
0.0038192
0.0039475
0.0036684
0.0033744
0.0036343
0.0037894
0.0042715
0.0035651
0.0035268
0.0036853
0.0039806
0.0033490
0.0036585
0.0034768
0.0040087
0.0039214
0.0037484
0.0035791
0.0038312
0.0047424
0.0038744
0.0030591
0.0032816
0.0046268
0.0036595
0.0036599
0.0034983
0.0035354
0.0036766
0.0036089
0.0033836
0.0029271
0.0028543
0.0005258
0.0005526
0.0005156
0.0005190
0.0006306
0.0005138
0.0005156
0.0005095
0.0005159
0.0005167
0.0005588
0.0006103
0.0006129
0.0005133
0.0004995
0.0005934
0.0006714
0.0005159
0.0005963
0.0004983
0.000520
0.0005081
0.0005105
0.0005955
0.0005397
0.0005092
0.0005078
0.0005024
0.0005145
0.0005105
0.0005064
0.0005560
0.0005025
0.0006443
0.0006155
0.0005627
0.0005810
0.000503
0.0005091
0.0005161
0.0005074
0.00057
0.0005040
0.0005023
0.0005052
0.0005115
0.0006345
0.0006011
0.0005065
0.0005086
0.00052
0.0005145
0.0005459
0.0006858
0.0005791
0.0005863
0.0005278
0.0006002
0.0005067
0.0007133
0.0005226
0.000510
0.0006087
0.0005071
0.0006201
0.0005159
0.0005703
0.0006377
0.0005159
0.0005710
0.0005028
0.0005047
0.0005042
0.0005705
0.0005688
0.0005061
0.0005158
0.0005107
0.0005091
0.0005233
0.0005028
0.000503
0.0005108
0.0005726
0.0005033
0.0005191
0.0005297
0.0005117
0.0005102
0.0005135
0.0005090
0.0005177
0.0005065
0.0005112
0.0005139
0.000498
0.0005826
0.000500
0.0005040
0.0005062
0.0000479
0.0000475
0.0000455
0.0000522
0.0000598
0.0000465
0.0000849
0.0000463
0.0000479
0.0000475
0.0000458
0.0000481
0.0000453
0.0000468
0.0000484
0.0000446
0.0000457
0.0000473
0.0000458
0.0000577
0.0000464
0.0000961
0.0000465
0.0000481
0.0000462
0.0000462
0.0000467
0.0000463
0.0000465
0.0000474
0.0000463
0.000052
0.0000479
0.0000468
0.0000644
0.0000516
0.0000479
0.0000462
0.0000534
0.0000487
0.0000484
0.0000491
0.0000467
0.0000466
0.0000493
0.0000455
0.0000473
0.0000481
0.0000465
0.000050
0.0000469
0.0000452
0.0000448
0.0000484
0.0000453
0.0000465
0.0000465
0.0000455
0.0000456
0.000051
0.0000508
0.0000481
0.0000469
0.0000460
0.0000470
0.0000479
0.0000597
0.0000446
0.0000458
0.0000463
0.0000474
0.0000450
0.0000458
0.0000466
0.0000458
0.0000472
0.000049
0.0000491
0.0000465
0.0000465
0.0000469
0.000047
0.0000453
0.0000465
0.0000446
0.0000472
0.0000458
0.0000462
0.0000453
0.0000479
0.0000529
0.0000492
0.0000479
0.0000643
0.0000458
0.0000512
0.0000496
0.0000465
0.000047
0.0000496
0.0000944
0.000102
0.0001342
0.0000970
0.0001018
0.0000976
0.0001066
0.0001435
0.0000971
0.0000992
0.0000964
0.0001290
0.0003192
0.0000992
0.0000929
0.0001366
0.0000964
0.0000979
0.0000992
0.0000956
0.0001390
0.0000963
0.0001034
0.0000976
0.0000966
0.0001457
0.0000973
0.0000941
0.0001032
0.0001090
0.0000937
0.0001058
0.0000989
0.0001023
0.0001433
0.000096
0.0001009
0.0000956
0.0001012
0.0000960
0.0000993
0.0000990
0.0000966
0.0000962
0.0000963
0.000098
0.0001030
0.0000975
0.0000977
0.0000961
0.0000963
0.0001004
0.0000957
0.0001017
0.0001302
0.0001016
0.0001390
0.0001018
0.000096
0.0000978
0.0001040
0.0001009
0.0001417
0.0001116
0.0001082
0.0000973
0.0001569
0.0000973
0.0001021
0.0001023
0.0000992
0.0001003
0.0001016
0.0001090
0.0001038
0.0001070
0.0000965
0.0001013
0.0000968
0.0000971
0.0000987
0.0000992
0.0001094
0.0001090
0.0000992
0.0001139
0.000101
0.0001028
0.0000991
0.0001156
0.0001026
0.0000994
0.0000968
0.0001030
0.0000984
0.0000953
0.000096
0.0000966
0.0000959
0.0001065
0.0044391
0.0040772
0.0032554
0.0038328
0.0038317
0.003785
0.0043664
0.0033829
0.0047719
0.0034934
0.0034168
0.0038504
0.0040412
0.0041912
0.0036242
0.0039966
0.003782
0.0033736
0.0038045
0.0040049
0.0033203
0.0042915
0.0041599
0.0041655
0.0036088
0.0038939
0.0038843
0.0039945
0.003794
0.003931
0.0056560
0.0038653
0.0037701
0.0042365
0.0041946
0.0036226
0.0038976
0.0039786
0.0038056
0.0038726
0.0039017
0.0041934
0.003765
0.0031102
0.0038218
0.0038335
0.0039425
0.0040397
0.0044847
0.0057931
0.0044893
0.0032077
0.0036105
0.0042386
0.0038926
0.0036814
0.0033486
0.0030870
0.0038313
0.0043300
0.0037017
0.0043625
0.0038348
0.0035498
0.0034690
0.0043397
0.0039045
0.0037386
0.003810
0.0040393
0.0042166
0.0045602
0.0040123
0.0037417
0.0037063
0.0030525
0.0039017
0.0032539
0.0041587
0.0038826
0.0039367
0.0038385
0.004082
0.0037876
0.004282
0.0038168
0.0037257
0.0040529
0.0038698
0.0043439
0.0036217
0.0043676
0.0041996
0.0033853
0.0036171
0.0047300
0.0039301
0.0039446
0.0042960
0.0043537
0.0071828
0.0098041
0.0072792
0.0075557
0.0082893
0.0061191
0.007681
0.0074465
0.0065506
0.0074466
0.0089731
0.0057904
0.0110152
0.0087132
0.0073927
0.0064479
0.0078392
0.0075164
0.0121581
0.0071077
0.0065727
0.0078919
0.007153
0.007881
0.007732
0.0054740
0.0070910
0.0075734
0.0077028
0.0072624
0.0063054
0.0116543
0.0060313
0.0078279
0.0072951
0.0069042
0.0084255
0.0090464
0.0064504
0.0077793
0.0075614
0.0092127
0.0072360
0.0054532
0.0138162
0.0077274
0.0069239
0.0072429
0.007207
0.0075725
0.0075178
0.0077260
0.0071201
0.0073040
0.0073368
0.0063910
0.0053914
0.0112357
0.0064027
0.0069225
0.0070612
0.0076563
0.0070339
0.0077388
0.0065308
0.0077388
0.0089888
0.0056028
0.0074224
0.0045428
0.0105057
0.0061965
0.0074308
0.0079598
0.0060819
0.0088885
0.0069983
0.0066683
0.0063072
0.0074145
0.0063667
0.0091667
0.0074301
0.0098779
0.0074079
0.0064657
0.0070553
0.0064533
0.0077699
0.0065706
0.0066743
0.0072673
0.0092645
0.0066262
0.0058103
0.0068336
0.0109067
0.0052831
0.0074990
0.0080616
0.0221435
0.0097732
0.0071528
0.0165442
0.0082477
0.0085134
0.0121743
0.0078526
0.0065777
0.0086522
0.0086883
0.0076959
0.0102730
0.0074647
0.0075815
0.0075357
0.0079867
0.0082343
0.0120764
0.0085783
0.0085325
0.0077058
0.0077870
0.0092998
0.0081724
0.0077477
0.0087628
0.0080066
0.010703
0.0078676
0.0133851
0.0079215
0.0077493
0.0077238
0.0068498
0.0090728
0.0077982
0.0070836
0.0075666
0.0134979
0.0077189
0.0099033
0.0059972
0.0076036
0.0083182
0.0081890
0.0083652
0.0264254
0.0080161
0.0075593
0.0080437
0.0091057
0.0086169
0.0077112
0.0078730
0.0107223
0.008465
0.0075314
0.0072242
0.0077050
0.0076017
0.0081106
0.0082268
0.0074724
0.0081878
0.0143230
0.0077667
0.0061208
0.0066662
0.0072949
0.0080797
0.0076813
0.0076380
0.0078694
0.0113126
0.0084331
0.0077381
0.0068293
0.0079050
0.0075035
0.0085112
0.0146234
0.0082945
0.0079668
0.0081707
0.0081488
0.0157006
0.0102968
0.0086436
0.0076416
0.0099630
0.0080366
0.0071568
0.0080555
0.0074973
0.0063448
0.0064087
0.0067904
0.0081119
0.0084765
0.0366538
0.0321087
0.0274090
0.0280413
0.0138766
0.0112946
0.0273855
0.0213808
0.0371549
0.0226158
0.0198128
0.0204706
0.0118505
0.0384314
0.0388868
0.0120454
0.0181133
0.0358124
0.0445631
0.0167624
0.0215080
0.0167896
0.0111604
0.0202209
0.0269289
0.0340834
0.0218885
0.0169653
0.0387372
0.0638728
0.0189390
0.0323641
0.0353362
0.0232967
0.0160633
0.0219912
0.0109737
0.010979
0.0291238
0.0178684
0.0123946
0.0197477
0.0210425
0.0118474
0.0356059
0.0107947
0.0380325
0.019004
0.0479131
0.0182764
0.0102822
0.0156884
0.0278504
0.0204820
0.0234527
0.0268822
0.0247547
0.0098057
0.0117078
0.0171823
0.0226700
0.0119643
0.0105400
0.0331695
0.0205431
0.0280167
0.0290272
0.0297296
0.0124735
0.0257399
0.0286880
0.0103907
0.0203622
0.0217972
0.0272669
0.0126663
0.020556
0.0204699
0.0161340
0.0201857
0.0101228
0.0339456
0.0176284
0.0336518
0.0217162
0.0220909
0.0223818
0.0152815
0.0223322
0.0460246
0.0150886
0.0128093
0.0304407
0.0330011
0.059683
0.0113174
0.030208
0.0321336
0.028902
0.0361052
0.340608962
0.245251676
0.24679017
0.263436126
0.274439624
0.236062658
0.258455338
0.243999669
0.259701444
0.272333584
0.26527007
0.300098881
0.250611286
0.253983549
0.246198358
0.264135243
0.249344963
0.251346475
0.254620923
0.309530429
0.244466870
0.246436945
0.258380548
0.248389656
0.260079751
0.313695773
0.265710013
0.273621380
0.250071512
0.254035760
0.267799647
0.275779912
0.264664179
0.287871005
0.294122149
0.254960169
0.291994229
0.251724937
0.269267969
0.247105781
0.278258883
0.262220408
0.245233638
0.259661930
0.249306591
0.244462816
0.253554675
0.245391643
0.243789594
0.277619213
0.259704541
0.240098259
0.262094932
0.250526362
0.266066474
0.241143681
0.341752782
0.256888173
0.262906073
0.241575585
0.367145721
0.239943815
0.322452208
0.274729134
0.263393186
0.254129202
0.258864520
0.295871148
0.263399706
0.332978582
0.299937342
0.267771492
0.278247821
0.285272559
0.276632922
0.282251915
0.261644288
0.248323724
0.257545177
0.241544457
0.294560961
0.276016072
0.241247694
0.289952363
0.285670847
0.307758112
0.251863161
0.247580697
0.250339132
0.285589292
0.262312838
0.246155208
0.245026530
0.288301176
0.344281819
0.240340307
0.303516964
0.255085544
0.269529816
0.246229245
