0.0366538
0.0321087
0.0274090
0.0280413
0.0138766
0.0112946
0.0273855
0.0213808
0.0371549
0.0226158
0.0198128
0.0204706
0.0118505
0.0384314
0.0388868
0.0120454
0.0181133
0.0358124
0.0445631
0.0167624
0.0215080
0.0167896
0.0111604
0.0202209
0.0269289
0.0340834
0.0218885
0.0169653
0.0387372
0.0638728
0.0189390
0.0323641
0.0353362
0.0232967
0.0160633
0.0219912
0.0109737
0.010979
0.0291238
0.0178684
0.0123946
0.0197477
0.0210425
0.0118474
0.0356059
0.0107947
0.0380325
0.019004
0.0479131
0.0182764
0.0102822
0.0156884
0.0278504
0.0204820
0.0234527
0.0268822
0.0247547
0.0098057
0.0117078
0.0171823
0.0226700
0.0119643
0.0105400
0.0331695
0.0205431
0.0280167
0.0290272
0.0297296
0.0124735
0.0257399
0.0286880
0.0103907
0.0203622
0.0217972
0.0272669
0.0126663
0.020556
0.0204699
0.0161340
0.0201857
0.0101228
0.0339456
0.0176284
0.0336518
0.0217162
0.0220909
0.0223818
0.0152815
0.0223322
0.0460246
0.0150886
0.0128093
0.0304407
0.0330011
0.059683
0.0113174
0.030208
0.0321336
0.028902
0.0361052