0.0221435
0.0097732
0.0071528
0.0165442
0.0082477
0.0085134
0.0121743
0.0078526
0.0065777
0.0086522
0.0086883
0.0076959
0.0102730
0.0074647
0.0075815
0.0075357
0.0079867
0.0082343
0.0120764
0.0085783
0.0085325
0.0077058
0.0077870
0.0092998
0.0081724
0.0077477
0.0087628
0.0080066
0.010703
0.0078676
0.0133851
0.0079215
0.0077493
0.0077238
0.0068498
0.0090728
0.0077982
0.0070836
0.0075666
0.0134979
0.0077189
0.0099033
0.0059972
0.0076036
0.0083182
0.0081890
0.0083652
0.0264254
0.0080161
0.0075593
0.0080437
0.0091057
0.0086169
0.0077112
0.0078730
0.0107223
0.008465
0.0075314
0.0072242
0.0077050
0.0076017
0.0081106
0.0082268
0.0074724
0.0081878
0.0143230
0.0077667
0.0061208
0.0066662
0.0072949
0.0080797
0.0076813
0.0076380
0.0078694
0.0113126
0.0084331
0.0077381
0.0068293
0.0079050
0.0075035
0.0085112
0.0146234
0.0082945
0.0079668
0.0081707
0.0081488
0.0157006
0.0102968
0.0086436
0.0076416
0.0099630
0.0080366
0.0071568
0.0080555
0.0074973
0.0063448
0.0064087
0.0067904
0.0081119
0.0084765