1647583,38143,5,5.77,2,0,10,45.54,1062.82,356.9
1730644,44726,8,6.47,3,0,10,42.98,988.15,410.79
1739321,44784,10,6.46,3,0,10,57.28,1596.03,628.69
1721825,44244,10,6.72,7,0,10,60.56,1658.26,545.32
1737695,44226,9,6.49,5,0,10,63.23,1720.97,568.17
1729932,43204,8,6.11,4,0,10,61.58,1804.08,603.03
1749320,46909,11,6.63,1,0,12,56.2,1630.81,639.99
1739430,44270,10,7.34,4,0,12,64.14,1580.87,575.08
1730583,45737,10,7.02,2,0,10,63.04,1832.49,613.65
1719784,43894,9,6.07,5,0,10,64.63,1727.42,604.93
1731043,43468,11,6.35,5,0,10,62.2,1604.43,632.03
1739511,44567,8,6.35,5,0,12,57.4,1822.46,614.17
1755339,46732,11,8.11,3,0,10,63.9,1696.14,592.68
1731948,43553,8,6.34,3,0,10,55.95,1535.39,527.62
1756280,44678,10,7.03,4,0,12,64.73,1803.56,592.68
1712825,41864,9,6.42,5,0,10,67.09,1556.79,601.72
1747109,44790,12,6.55,4,0,12,65.67,1637.29,635.39
1710418,42687,9,6.30,4,0,10,66.68,1797.55,525.91
1716682,42986,12,6.33,7,0,10,56.95,1708.63,527.47
1732852,43445,11,6.38,4,0,10,58.25,1525.5,546.0
1714869,43845,8,6.17,2,0,10,65.61,1673.61,595.99
1730968,42615,8,6.37,7,0,12,59.37,1841.6,605.63
1735658,43512,11,6.44,3,0,12,61.17,1571.89,619.77
1737701,44149,11,7.36,3,0,10,58.73,1755.31,596.13
1723413,42725,11,6.74,4,0,10,58.7,1801.11,592.68
1739882,43326,10,6.60,5,0,12,58.59,1757.56,599.82
1730647,43453,10,6.99,2,0,10,55.93,1782.03,541.0
1709420,42900,8,6.66,6,0,10,61.4,1734.69,581.51
1725664,43069,11,7.25,3,0,10,65.36,1552.28,547.76
94436313,3092600,38,278.73,12,0,6117,57.26,1587.21,598.9
1710791,41883,10,7.20,5,0,10,58.04,1708.95,537.68
1771948,45523,17,8.46,5,0,10,62.75,1831.59,566.26
1740678,44758,15,7.02,1,0,10,58.65,1826.54,576.34
1716666,43059,8,6.99,2,0,10,60.2,1779.41,595.98
1716328,43115,9,6.47,7,0,10,67.24,1804.72,529.36
1723614,43208,9,6.68,6,0,10,58.43,1716.09,575.37
1706468,41520,10,7.24,6,0,10,67.41,1569.88,564.28
1701598,42416,11,6.65,2,0,10,64.09,1742.65,533.7
1709761,41404,9,6.69,5,0,10,56.24,1713.5,606.92
1738479,44063,9,7.11,4,0,12,64.04,1776.63,637.6
1724453,42812,8,6.71,0,0,10,57.57,1619.6,539.93
1726698,44284,10,6.68,4,0,10,56.74,1636.17,530.92
1713292,41800,13,6.19,4,0,10,64.61,1842.66,571.84
1709447,42485,13,6.56,4,0,10,64.94,1649.95,588.66
1725811,41737,12,6.47,4,0,10,64.59,1637.75,621.05
1738276,45511,11,7.57,6,0,10,62.71,1775.23,637.73
1706015,41703,10,6.13,5,0,10,61.24,1747.65,584.16
1716152,41960,9,6.44,0,0,10,68.03,1656.19,534.12
1714541,41998,10,6.64,3,0,10,66.68,1785.92,571.84
1728046,43772,11,7.95,3,0,12,63.91,1741.39,581.96
1725095,42779,11,7.00,2,0,10,57.58,1702.59,583.33
1738961,43417,11,7.17,4,0,10,66.99,1572.99,597.55
1732291,43637,12,7.21,5,0,10,67.49,1800.74,543.09
1737542,43532,15,6.93,6,0,10,63.21,1675.79,609.22
1708854,42472,10,6.18,4,0,10,56.73,1715.76,630.79
1742871,42438,15,6.54,3,0,12,61.25,1769.55,635.45
1736915,42540,11,6.88,3,0,12,64.26,1637.9,588.08
1715621,43038,10,6.11,3,0,10,58.26,1554.35,578.69
1728311,42501,11,7.02,6,0,12,61.44,1532.22,624.27
1719568,42159,8,6.56,4,0,10,66.99,1516.42,567.5
1706589,44271,9,8.76,5,0,10,63.31,1834.52,632.34
1765775,44722,13,8.17,2,0,10,61.89,1809.65,565.74
1747305,44692,10,6.74,5,0,10,61.33,1796.73,596.27
1702723,41402,10,6.21,3,0,10,65.11,1741.64,553.43
1711173,42444,8,6.52,3,0,10,59.61,1638.71,574.42
1743060,44050,14,8.33,6,0,10,58.93,1583.08,555.45
1740497,43261,13,7.34,5,0,10,58.94,1833.98,610.24
1702003,42408,9,6.80,1,0,10,60.25,1621.23,583.16
1714951,42160,10,6.47,9,0,10,56.32,1573.26,537.06
1730361,43572,11,7.69,2,0,10,60.11,1675.55,588.68
1712979,42254,12,6.49,2,0,10,63.14,1776.63,553.14
1719265,42442,15,6.30,4,0,10,60.73,1813.88,541.08
1728341,42531,12,6.48,4,0,12,58.66,1756.45,541.44
1718026,43797,10,7.98,3,0,10,59.24,1514.51,634.13
1719128,42913,9,6.88,5,0,10,64.37,1846.1,536.65
1716317,42245,9,6.46,6,0,12,67.84,1771.27,541.23
1716738,41980,13,6.66,3,0,10,61.39,1539.73,563.1
1730288,42844,10,6.75,6,0,10,64.5,1646.49,528.71
1731929,43126,10,6.50,7,0,12,63.96,1632.94,585.75
1722808,43273,14,6.94,3,0,10,59.15,1795.19,601.87
1716536,43262,9,7.23,7,0,10,60.76,1614.84,583.95
1745260,43472,11,6.51,6,0,10,64.51,1701.05,564.05
1706937,41032,8,6.33,4,0,10,64.59,1831.5,593.36
1727000,42918,11,6.74,5,0,10,57.13,1515.94,531.05
1709703,41392,8,6.46,3,0,10,68.3,1690.2,640.97
1716335,42532,11,6.85,3,0,10,59.08,1788.39,542.85
1748116,45255,14,7.23,4,0,10,58.61,1818.08,615.44
1708404,40949,10,6.03,2,0,10,56.2,1601.99,558.22
1724838,42638,11,6.71,3,0,10,58.65,1740.99,560.56
1715796,43065,9,6.54,2,0,10,60.37,1613.99,623.59
1723803,42523,10,6.46,4,0,10,57.37,1682.46,548.47
1718338,42771,8,6.26,4,0,10,56.66,1823.64,568.87
1730125,43809,12,7.05,3,0,10,57.07,1746.99,530.42
1744241,45608,9,9.37,3,0,12,56.49,1628.53,551.35
1725923,42970,9,8.48,3,0,10,63.43,1832.65,628.53
1743181,41615,16,6.69,5,0,10,64.82,1536.47,532.98
1724308,46129,13,8.58,3,0,10,66.1,1517.22,568.02
1726167,42304,8,6.65,5,0,10,62.03,1832.31,599.42
1729566,42288,9,7.08,5,0,10,67.42,1782.73,607.45
1725095,42779,11,7.00,2,0,10,61.51,1746.79,621.94