0.006239
0.005877
0.005055
0.005633
0.005632
0.005585
0.006166
0.005183
0.006572
0.005293
0.005217
0.00565
0.005841
0.005991
0.005424
0.005797
0.005582
0.005174
0.005604
0.005805
0.00512
0.006091
0.00596
0.005965
0.005409
0.005694
0.005684
0.005794
0.005594
0.005731
0.007456
0.005665
0.00557
0.006036
0.005995
0.005423
0.005698
0.005779
0.005606
0.005673
0.005702
0.005993
0.005565
0.00491
0.005622
0.005633
0.005742
0.00584
0.006285
0.007593
0.006289
0.005008
0.00541
0.006039
0.005693
0.005481
0.005149
0.004887
0.005631
0.00613
0.005502
0.006162
0.005635
0.00535
0.005269
0.00614
0.005704
0.005539
0.00561
0.005839
0.006017
0.00636
0.005812
0.005542
0.005506
0.004853
0.005702
0.005054
0.005959
0.005683
0.005737
0.005638
0.005882
0.005588
0.006082
0.005617
0.005526
0.005853
0.00567
0.006144
0.005422
0.006168
0.006
0.005185
0.005417
0.00653
0.00573
0.005745
0.006096
0.006154
