0.0000944
0.000102
0.0001342
0.0000970
0.0001018
0.0000976
0.0001066
0.0001435
0.0000971
0.0000992
0.0000964
0.0001290
0.0003192
0.0000992
0.0000929
0.0001366
0.0000964
0.0000979
0.0000992
0.0000956
0.0001390
0.0000963
0.0001034
0.0000976
0.0000966
0.0001457
0.0000973
0.0000941
0.0001032
0.0001090
0.0000937
0.0001058
0.0000989
0.0001023
0.0001433
0.000096
0.0001009
0.0000956
0.0001012
0.0000960
0.0000993
0.0000990
0.0000966
0.0000962
0.0000963
0.000098
0.0001030
0.0000975
0.0000977
0.0000961
0.0000963
0.0001004
0.0000957
0.0001017
0.0001302
0.0001016
0.0001390
0.0001018
0.000096
0.0000978
0.0001040
0.0001009
0.0001417
0.0001116
0.0001082
0.0000973
0.0001569
0.0000973
0.0001021
0.0001023
0.0000992
0.0001003
0.0001016
0.0001090
0.0001038
0.0001070
0.0000965
0.0001013
0.0000968
0.0000971
0.0000987
0.0000992
0.0001094
0.0001090
0.0000992
0.0001139
0.000101
0.0001028
0.0000991
0.0001156
0.0001026
0.0000994
0.0000968
0.0001030
0.0000984
0.0000953
0.000096
0.0000966
0.0000959
0.0001065