0.0138654
0.003867  
0.0026889  
0.0032828  
0.0035601  
0.0034993  
0.0032596  
0.0034707  
0.0036535  
0.0035212  
0.003348  
0.0035871  
0.0037615  
0.0035928  
0.0036777  
0.0032025  
0.003359  
0.0031316  
0.0034285  
0.0036901  
0.0033435  
0.002499  
0.0028351  
0.0030272  
0.0031787  
0.0030718  
0.0030218  
0.0044788  
0.0032161  
0.0033472  
0.0022796  
0.0028858  
0.0031174  
0.0031263  
0.0033711  
0.0030914  
0.003409  
0.0027566  
0.0043191  
0.0039325  
0.0030893  
0.0038259  
0.0032307  
0.0034357  
0.0032784  
0.003218  
0.0031422  
0.0033682  
0.0034400  
0.0033432  
0.0032411  
0.0026942  
0.0031476  
0.0033706  
0.0032659  
0.0023198  
0.0031343  
0.0028744  
0.0030915  
0.0026673  
0.0030276  
0.003088  
0.0033781  
0.0027693  
0.003155  
0.0037718  
0.0032049  
0.0034192  
0.0035475  
0.0032684  
0.0029744  
0.0032343  
0.0033894  
0.0038715  
0.0031651  
0.0031268  
0.0032853  
0.0035806  
0.002949  
0.0032585  
0.0030768  
0.0036087  
0.0035214  
0.0033484  
0.0031791  
0.0034312  
0.0043424  
0.0034744  
0.0026591  
0.0028816  
0.0042268  
0.0032595  
0.0032599  
0.0030983  
0.0031354  
0.0032766  
0.0032089  
0.0029836  
0.0025271  
0.0024543  