0.0005258
0.0005526
0.0005156
0.0005190
0.0006306
0.0005138
0.0005156
0.0005095
0.0005159
0.0005167
0.0005588
0.0006103
0.0006129
0.0005133
0.0004995
0.0005934
0.0006714
0.0005159
0.0005963
0.0004983
0.000520
0.0005081
0.0005105
0.0005955
0.0005397
0.0005092
0.0005078
0.0005024
0.0005145
0.0005105
0.0005064
0.0005560
0.0005025
0.0006443
0.0006155
0.0005627
0.0005810
0.000503
0.0005091
0.0005161
0.0005074
0.00057
0.0005040
0.0005023
0.0005052
0.0005115
0.0006345
0.0006011
0.0005065
0.0005086
0.00052
0.0005145
0.0005459
0.0006858
0.0005791
0.0005863
0.0005278
0.0006002
0.0005067
0.0007133
0.0005226
0.000510
0.0006087
0.0005071
0.0006201
0.0005159
0.0005703
0.0006377
0.0005159
0.0005710
0.0005028
0.0005047
0.0005042
0.0005705
0.0005688
0.0005061
0.0005158
0.0005107
0.0005091
0.0005233
0.0005028
0.000503
0.0005108
0.0005726
0.0005033
0.0005191
0.0005297
0.0005117
0.0005102
0.0005135
0.0005090
0.0005177
0.0005065
0.0005112
0.0005139
0.000498
0.0005826
0.000500
0.0005040
0.0005062