0.0000479
0.0000475
0.0000455
0.0000522
0.0000598
0.0000465
0.0000849
0.0000463
0.0000479
0.0000475
0.0000458
0.0000481
0.0000453
0.0000468
0.0000484
0.0000446
0.0000457
0.0000473
0.0000458
0.0000577
0.0000464
0.0000961
0.0000465
0.0000481
0.0000462
0.0000462
0.0000467
0.0000463
0.0000465
0.0000474
0.0000463
0.000052
0.0000479
0.0000468
0.0000644
0.0000516
0.0000479
0.0000462
0.0000534
0.0000487
0.0000484
0.0000491
0.0000467
0.0000466
0.0000493
0.0000455
0.0000473
0.0000481
0.0000465
0.000050
0.0000469
0.0000452
0.0000448
0.0000484
0.0000453
0.0000465
0.0000465
0.0000455
0.0000456
0.000051
0.0000508
0.0000481
0.0000469
0.0000460
0.0000470
0.0000479
0.0000597
0.0000446
0.0000458
0.0000463
0.0000474
0.0000450
0.0000458
0.0000466
0.0000458
0.0000472
0.000049
0.0000491
0.0000465
0.0000465
0.0000469
0.000047
0.0000453
0.0000465
0.0000446
0.0000472
0.0000458
0.0000462
0.0000453
0.0000479
0.0000529
0.0000492
0.0000479
0.0000643
0.0000458
0.0000512
0.0000496
0.0000465
0.000047
0.0000496